# Oregon-1 10670 22002 5
0 2
1 0
2 0
3 0
4 3
5 2
6 4
7 4
8 0
9 2
10 2
11 3
12 2
13 2
14 0
15 2
16 3
17 2
18 2
19 0
20 4
21 2
22 4
23 4
24 0
25 2
26 2
27 2
28 2
29 0
30 4
31 4
32 4
33 0
34 0
35 3
36 2
37 2
38 1
39 2
40 2
41 2
42 4
43 4
44 2
45 1
46 0
47 4
48 3
49 3
50 3
51 0
52 0
53 0
54 0
55 0
56 0
57 3
58 0
59 0
60 4
61 4
62 4
63 4
64 4
65 4
66 2
67 0
68 2
69 2
70 2
71 2
72 3
73 3
74 4
75 1
76 0
77 4
78 3
79 2
80 0
81 4
82 2
83 3
84 0
85 4
86 0
87 2
88 0
89 0
90 2
91 4
92 0
93 4
94 4
95 0
96 0
97 0
98 4
99 2
100 0
101 0
102 0
103 4
104 3
105 3
106 0
107 0
108 0
109 4
110 2
111 0
112 0
113 4
114 0
115 4
116 2
117 2
118 3
119 0
120 2
121 0
122 0
123 3
124 1
125 3
126 2
127 2
128 2
129 2
130 0
131 3
132 3
133 2
134 3
135 4
136 0
137 2
138 2
139 3
140 3
141 2
142 2
143 0
144 2
145 3
146 0
147 3
148 2
149 0
150 3
151 0
152 0
153 0
154 0
155 4
156 4
157 3
158 4
159 0
160 3
161 2
162 3
163 4
164 0
165 4
166 4
167 2
168 2
169 2
170 3
171 2
172 2
173 4
174 4
175 0
176 3
177 4
178 0
179 3
180 2
181 0
182 3
183 2
184 3
185 0
186 4
187 0
188 2
189 3
190 3
191 2
192 2
193 3
194 1
195 0
196 4
197 0
198 3
199 0
200 0
201 0
202 3
203 0
204 0
205 2
206 4
207 4
208 2
209 0
210 0
211 3
212 4
213 4
214 0
215 0
216 1
217 4
218 0
219 0
220 1
221 3
222 0
223 2
224 0
225 3
226 0
227 3
228 0
229 4
230 0
231 3
232 4
233 1
234 0
235 0
236 3
237 4
238 0
239 3
240 0
241 3
242 0
243 2
244 4
245 0
246 0
247 2
248 0
249 0
250 2
251 2
252 4
253 4
254 2
255 0
256 0
257 4
258 0
259 0
260 3
261 3
262 0
263 0
264 0
265 2
266 4
267 0
268 4
269 4
270 0
271 3
272 3
273 2
274 0
275 2
276 3
277 2
278 3
279 4
280 0
281 0
282 4
283 0
284 2
285 1
286 3
287 0
288 0
289 0
290 2
291 2
292 3
293 3
294 2
295 3
296 3
297 0
298 0
299 4
300 0
301 2
302 4
303 2
304 0
305 2
306 2
307 3
308 3
309 2
310 0
311 1
312 0
313 2
314 2
315 0
316 0
317 2
318 4
319 4
320 3
321 0
322 2
323 4
324 0
325 2
326 3
327 3
328 2
329 2
330 3
331 4
332 3
333 2
334 0
335 0
336 0
337 3
338 0
339 2
340 3
341 0
342 3
343 0
344 1
345 1
346 2
347 4
348 3
349 4
350 1
351 0
352 0
353 3
354 0
355 0
356 0
357 0
358 0
359 0
360 3
361 2
362 0
363 2
364 4
365 2
366 2
367 0
368 2
369 3
370 0
371 0
372 3
373 0
374 2
375 0
376 0
377 0
378 2
379 0
380 0
381 4
382 4
383 3
384 2
385 3
386 0
387 0
388 4
389 3
390 3
391 2
392 4
393 0
394 0
395 4
396 2
397 2
398 0
399 4
400 2
401 2
402 3
403 2
404 0
405 2
406 2
407 3
408 4
409 0
410 3
411 0
412 0
413 2
414 4
415 3
416 3
417 3
418 0
419 3
420 0
421 0
422 0
423 2
424 3
425 4
426 0
427 2
428 0
429 3
430 0
431 0
432 4
433 0
434 0
435 3
436 3
437 4
438 0
439 1
440 0
441 3
442 2
443 4
444 2
445 3
446 3
447 0
448 0
449 2
450 4
451 0
452 3
453 3
454 2
455 2
456 0
457 2
458 1
459 0
460 4
461 4
462 4
463 0
464 2
465 4
466 0
467 3
468 3
469 0
470 0
471 1
472 2
473 3
474 4
475 2
476 2
477 2
478 0
479 3
480 3
481 0
482 1
483 0
484 3
485 0
486 1
487 1
488 0
489 3
490 0
491 0
492 4
493 3
494 2
495 1
496 2
497 2
498 3
499 4
500 0
501 2
502 3
503 2
504 0
505 0
506 0
507 2
508 0
509 0
510 1
511 2
512 2
513 3
514 0
515 2
516 3
517 2
518 0
519 0
520 0
521 2
522 0
523 2
524 0
525 2
526 2
527 0
528 4
529 0
530 0
531 4
532 2
533 0
534 3
535 4
536 0
537 0
538 0
539 4
540 2
541 2
542 2
543 0
544 1
545 2
546 0
547 0
548 0
549 0
550 0
551 1
552 2
553 0
554 2
555 4
556 2
557 3
558 4
559 2
560 3
561 0
562 0
563 4
564 0
565 3
566 0
567 2
568 3
569 2
570 0
571 1
572 4
573 2
574 4
575 0
576 0
577 2
578 2
579 0
580 0
581 3
582 4
583 2
584 3
585 2
586 2
587 0
588 2
589 1
590 0
591 2
592 2
593 2
594 2
595 0
596 4
597 0
598 3
599 2
600 2
601 4
602 2
603 0
604 0
605 3
606 2
607 4
608 2
609 0
610 4
611 4
612 3
613 2
614 2
615 0
616 2
617 1
618 0
619 0
620 3
621 4
622 2
623 2
624 4
625 0
626 4
627 3
628 1
629 3
630 4
631 2
632 3
633 2
634 3
635 4
636 2
637 0
638 0
639 0
640 0
641 2
642 3
643 0
644 2
645 3
646 3
647 4
648 4
649 1
650 2
651 2
652 0
653 0
654 3
655 4
656 3
657 0
658 1
659 0
660 2
661 0
662 2
663 2
664 4
665 3
666 3
667 2
668 4
669 3
670 3
671 0
672 0
673 2
674 2
675 0
676 4
677 0
678 2
679 2
680 3
681 3
682 3
683 1
684 2
685 2
686 2
687 2
688 2
689 2
690 3
691 2
692 2
693 0
694 0
695 0
696 0
697 3
698 0
699 2
700 2
701 3
702 3
703 3
704 0
705 0
706 0
707 3
708 0
709 4
710 2
711 2
712 2
713 0
714 2
715 3
716 2
717 2
718 0
719 0
720 0
721 3
722 4
723 3
724 0
725 3
726 0
727 1
728 3
729 0
730 2
731 0
732 2
733 0
734 2
735 4
736 0
737 2
738 0
739 3
740 0
741 0
742 0
743 4
744 3
745 4
746 2
747 0
748 2
749 2
750 2
751 0
752 2
753 2
754 3
755 3
756 2
757 3
758 2
759 4
760 3
761 4
762 2
763 2
764 2
765 3
766 4
767 2
768 2
769 0
770 0
771 2
772 2
773 0
774 0
775 2
776 0
777 3
778 2
779 2
780 1
781 0
782 4
783 0
784 3
785 3
786 0
787 2
788 3
789 0
790 4
791 4
792 0
793 3
794 2
795 2
796 2
797 4
798 4
799 3
800 4
801 3
802 3
803 4
804 2
805 2
806 0
807 3
808 3
809 4
810 4
811 3
812 3
813 3
814 3
815 2
816 4
817 3
818 4
819 3
820 4
821 3
822 4
823 3
824 2
825 3
826 3
827 4
828 2
829 2
830 4
831 3
832 4
833 4
834 3
835 3
836 2
837 2
838 4
839 4
840 2
841 2
842 3
843 3
844 2
845 2
846 3
847 4
848 3
849 3
850 2
851 4
852 3
853 4
854 2
855 3
856 4
857 3
858 3
859 2
860 3
861 2
862 4
863 4
864 1
865 4
866 3
867 1
868 4
869 3
870 2
871 4
872 1
873 2
874 2
875 0
876 3
877 3
878 3
879 4
880 3
881 3
882 4
883 1
884 2
885 1
886 3
887 3
888 2
889 3
890 2
891 3
892 3
893 3
894 3
895 4
896 4
897 3
898 2
899 2
900 3
901 2
902 2
903 3
904 3
905 3
906 3
907 3
908 3
909 3
910 3
911 3
912 0
913 1
914 4
915 1
916 2
917 4
918 1
919 4
920 4
921 1
922 3
923 4
924 3
925 4
926 4
927 4
928 3
929 4
930 4
931 3
932 0
933 2
934 1
935 1
936 3
937 4
938 4
939 3
940 2
941 1
942 3
943 3
944 1
945 1
946 2
947 3
948 0
949 1
950 4
951 4
952 4
953 1
954 3
955 3
956 4
957 2
958 4
959 1
960 3
961 4
962 2
963 1
964 3
965 1
966 4
967 1
968 3
969 4
970 4
971 2
972 1
973 3
974 3
975 4
976 1
977 1
978 3
979 3
980 3
981 3
982 3
983 3
984 2
985 3
986 3
987 3
988 3
989 3
990 3
991 2
992 3
993 0
994 1
995 1
996 2
997 3
998 4
999 0
1000 1
1001 4
1002 4
1003 0
1004 2
1005 3
1006 1
1007 4
1008 3
1009 3
1010 1
1011 1
1012 1
1013 1
1014 1
1015 1
1016 2
1017 1
1018 1
1019 1
1020 1
1021 1
1022 1
1023 1
1024 1
1025 1
1026 1
1027 1
1028 1
1029 1
1030 1
1031 1
1032 1
1033 1
1034 1
1035 1
1036 1
1037 1
1038 1
1039 1
1040 1
1041 1
1042 1
1043 1
1044 1
1045 1
1046 1
1047 1
1048 1
1049 1
1050 1
1051 1
1052 1
1053 1
1054 2
1055 1
1056 1
1057 1
1058 1
1059 1
1060 1
1061 1
1062 4
1063 1
1064 1
1065 1
1066 1
1067 1
1068 1
1069 1
1070 1
1071 1
1072 1
1073 0
1074 1
1075 1
1076 1
1077 4
1078 4
1079 1
1080 1
1081 1
1082 2
1083 4
1084 3
1085 2
1086 3
1087 3
1088 2
1089 4
1090 3
1091 4
1092 2
1093 3
1094 3
1095 3
1096 3
1097 2
1098 4
1099 3
1100 3
1101 4
1102 2
1103 1
1104 3
1105 0
1106 4
1107 3
1108 2
1109 1
1110 1
1111 4
1112 4
1113 1
1114 4
1115 3
1116 1
1117 1
1118 1
1119 1
1120 1
1121 4
1122 1
1123 4
1124 2
1125 1
1126 4
1127 4
1128 3
1129 4
1130 1
1131 1
1132 0
1133 1
1134 4
1135 2
1136 0
1137 2
1138 0
1139 1
1140 1
1141 4
1142 1
1143 3
1144 3
1145 3
1146 2
1147 2
1148 2
1149 2
1150 3
1151 3
1152 4
1153 4
1154 2
1155 1
1156 1
1157 1
1158 4
1159 4
1160 3
1161 3
1162 4
1163 1
1164 4
1165 3
1166 1
1167 1
1168 3
1169 1
1170 4
1171 3
1172 1
1173 1
1174 0
1175 1
1176 4
1177 4
1178 1
1179 1
1180 1
1181 1
1182 1
1183 1
1184 1
1185 1
1186 1
1187 1
1188 1
1189 1
1190 1
1191 1
1192 4
1193 1
1194 4
1195 1
1196 1
1197 3
1198 3
1199 3
1200 1
1201 1
1202 0
1203 4
1204 4
1205 4
1206 4
1207 4
1208 4
1209 1
1210 2
1211 0
1212 2
1213 1
1214 2
1215 3
1216 0
1217 4
1218 1
1219 1
1220 2
1221 1
1222 1
1223 1
1224 3
1225 0
1226 1
1227 4
1228 2
1229 2
1230 1
1231 4
1232 0
1233 4
1234 2
1235 3
1236 2
1237 1
1238 2
1239 4
1240 1
1241 3
1242 4
1243 1
1244 1
1245 2
1246 4
1247 2
1248 2
1249 2
1250 2
1251 0
1252 2
1253 2
1254 2
1255 0
1256 2
1257 2
1258 2
1259 0
1260 2
1261 3
1262 3
1263 3
1264 0
1265 4
1266 4
1267 0
1268 0
1269 1
1270 2
1271 3
1272 3
1273 4
1274 3
1275 2
1276 0
1277 1
1278 3
1279 0
1280 3
1281 0
1282 2
1283 0
1284 0
1285 0
1286 0
1287 0
1288 0
1289 0
1290 0
1291 1
1292 0
1293 4
1294 3
1295 2
1296 2
1297 3
1298 0
1299 0
1300 3
1301 4
1302 2
1303 0
1304 0
1305 3
1306 2
1307 2
1308 0
1309 0
1310 4
1311 2
1312 0
1313 2
1314 1
1315 4
1316 0
1317 3
1318 0
1319 0
1320 2
1321 2
1322 0
1323 0
1324 3
1325 2
1326 1
1327 3
1328 3
1329 0
1330 2
1331 0
1332 2
1333 0
1334 0
1335 3
1336 2
1337 0
1338 2
1339 2
1340 4
1341 2
1342 3
1343 3
1344 1
1345 0
1346 2
1347 0
1348 0
1349 2
1350 4
1351 4
1352 0
1353 0
1354 2
1355 1
1356 2
1357 0
1358 2
1359 4
1360 2
1361 3
1362 3
1363 2
1364 0
1365 3
1366 0
1367 0
1368 0
1369 4
1370 0
1371 2
1372 0
1373 4
1374 0
1375 3
1376 0
1377 2
1378 0
1379 3
1380 3
1381 0
1382 0
1383 3
1384 3
1385 3
1386 2
1387 0
1388 2
1389 0
1390 4
1391 3
1392 0
1393 0
1394 2
1395 2
1396 0
1397 4
1398 3
1399 4
1400 2
1401 2
1402 2
1403 0
1404 2
1405 0
1406 0
1407 3
1408 2
1409 0
1410 3
1411 2
1412 2
1413 4
1414 3
1415 0
1416 4
1417 4
1418 0
1419 3
1420 0
1421 0
1422 4
1423 2
1424 4
1425 2
1426 0
1427 0
1428 0
1429 0
1430 0
1431 2
1432 4
1433 3
1434 0
1435 0
1436 2
1437 0
1438 0
1439 2
1440 2
1441 2
1442 2
1443 2
1444 4
1445 2
1446 0
1447 4
1448 2
1449 0
1450 3
1451 0
1452 3
1453 3
1454 2
1455 2
1456 0
1457 2
1458 3
1459 0
1460 0
1461 0
1462 2
1463 2
1464 0
1465 0
1466 2
1467 0
1468 0
1469 2
1470 0
1471 0
1472 2
1473 3
1474 2
1475 3
1476 0
1477 2
1478 3
1479 0
1480 0
1481 3
1482 2
1483 0
1484 0
1485 0
1486 2
1487 0
1488 2
1489 2
1490 2
1491 2
1492 0
1493 4
1494 0
1495 0
1496 0
1497 0
1498 2
1499 3
1500 1
1501 3
1502 4
1503 0
1504 2
1505 2
1506 0
1507 0
1508 2
1509 0
1510 2
1511 2
1512 4
1513 2
1514 2
1515 3
1516 3
1517 0
1518 2
1519 3
1520 2
1521 3
1522 2
1523 4
1524 3
1525 3
1526 0
1527 3
1528 4
1529 2
1530 2
1531 4
1532 3
1533 2
1534 2
1535 2
1536 0
1537 3
1538 3
1539 2
1540 2
1541 0
1542 2
1543 0
1544 0
1545 3
1546 2
1547 2
1548 3
1549 3
1550 2
1551 0
1552 3
1553 0
1554 0
1555 2
1556 0
1557 3
1558 2
1559 0
1560 4
1561 4
1562 0
1563 0
1564 2
1565 2
1566 4
1567 2
1568 2
1569 2
1570 0
1571 0
1572 0
1573 0
1574 2
1575 4
1576 4
1577 0
1578 4
1579 2
1580 0
1581 0
1582 0
1583 1
1584 4
1585 2
1586 4
1587 2
1588 4
1589 4
1590 0
1591 4
1592 3
1593 3
1594 0
1595 0
1596 0
1597 4
1598 4
1599 3
1600 0
1601 4
1602 0
1603 2
1604 4
1605 4
1606 1
1607 4
1608 2
1609 2
1610 0
1611 0
1612 3
1613 2
1614 3
1615 0
1616 2
1617 2
1618 2
1619 1
1620 4
1621 2
1622 4
1623 2
1624 0
1625 2
1626 0
1627 3
1628 0
1629 3
1630 2
1631 2
1632 0
1633 0
1634 2
1635 2
1636 4
1637 3
1638 2
1639 2
1640 0
1641 1
1642 3
1643 1
1644 0
1645 2
1646 0
1647 0
1648 2
1649 2
1650 2
1651 2
1652 1
1653 4
1654 3
1655 0
1656 3
1657 2
1658 2
1659 3
1660 2
1661 0
1662 3
1663 3
1664 0
1665 3
1666 2
1667 2
1668 1
1669 2
1670 4
1671 3
1672 3
1673 0
1674 0
1675 0
1676 2
1677 3
1678 2
1679 2
1680 2
1681 2
1682 4
1683 0
1684 2
1685 0
1686 4
1687 3
1688 0
1689 3
1690 3
1691 3
1692 2
1693 2
1694 2
1695 2
1696 3
1697 3
1698 4
1699 4
1700 2
1701 2
1702 3
1703 3
1704 0
1705 0
1706 0
1707 0
1708 0
1709 2
1710 0
1711 2
1712 0
1713 0
1714 0
1715 3
1716 0
1717 2
1718 2
1719 2
1720 3
1721 0
1722 2
1723 1
1724 0
1725 4
1726 4
1727 2
1728 4
1729 2
1730 3
1731 3
1732 0
1733 3
1734 4
1735 2
1736 0
1737 2
1738 3
1739 4
1740 2
1741 4
1742 0
1743 2
1744 3
1745 0
1746 0
1747 2
1748 3
1749 3
1750 4
1751 2
1752 0
1753 3
1754 3
1755 3
1756 4
1757 3
1758 0
1759 0
1760 0
1761 2
1762 1
1763 4
1764 2
1765 2
1766 4
1767 2
1768 0
1769 3
1770 0
1771 2
1772 2
1773 0
1774 0
1775 0
1776 1
1777 2
1778 2
1779 0
1780 3
1781 2
1782 0
1783 3
1784 0
1785 2
1786 1
1787 2
1788 0
1789 4
1790 3
1791 2
1792 0
1793 3
1794 3
1795 2
1796 2
1797 2
1798 0
1799 2
1800 2
1801 2
1802 2
1803 0
1804 2
1805 2
1806 4
1807 0
1808 2
1809 2
1810 4
1811 0
1812 3
1813 3
1814 1
1815 2
1816 2
1817 0
1818 3
1819 4
1820 3
1821 0
1822 0
1823 0
1824 3
1825 3
1826 3
1827 3
1828 3
1829 2
1830 4
1831 0
1832 1
1833 2
1834 3
1835 3
1836 0
1837 2
1838 3
1839 4
1840 1
1841 3
1842 0
1843 0
1844 2
1845 0
1846 2
1847 2
1848 1
1849 1
1850 1
1851 3
1852 2
1853 1
1854 1
1855 4
1856 3
1857 3
1858 4
1859 1
1860 2
1861 4
1862 3
1863 1
1864 0
1865 2
1866 1
1867 2
1868 0
1869 0
1870 3
1871 2
1872 0
1873 3
1874 3
1875 4
1876 1
1877 3
1878 1
1879 0
1880 3
1881 2
1882 3
1883 4
1884 2
1885 0
1886 2
1887 0
1888 0
1889 0
1890 2
1891 3
1892 0
1893 2
1894 0
1895 2
1896 2
1897 0
1898 3
1899 3
1900 4
1901 2
1902 2
1903 4
1904 3
1905 3
1906 0
1907 3
1908 2
1909 0
1910 2
1911 2
1912 2
1913 0
1914 0
1915 2
1916 3
1917 0
1918 2
1919 2
1920 1
1921 0
1922 4
1923 3
1924 0
1925 0
1926 3
1927 2
1928 0
1929 3
1930 3
1931 2
1932 3
1933 2
1934 2
1935 0
1936 3
1937 0
1938 2
1939 2
1940 0
1941 0
1942 0
1943 3
1944 3
1945 0
1946 2
1947 2
1948 1
1949 2
1950 3
1951 2
1952 0
1953 2
1954 2
1955 4
1956 2
1957 2
1958 0
1959 2
1960 3
1961 0
1962 2
1963 0
1964 3
1965 0
1966 0
1967 3
1968 1
1969 0
1970 0
1971 0
1972 2
1973 3
1974 2
1975 2
1976 2
1977 4
1978 2
1979 2
1980 1
1981 0
1982 4
1983 2
1984 1
1985 2
1986 0
1987 2
1988 2
1989 2
1990 3
1991 0
1992 0
1993 0
1994 0
1995 3
1996 0
1997 3
1998 4
1999 0
2000 2
2001 0
2002 2
2003 0
2004 0
2005 4
2006 1
2007 0
2008 2
2009 0
2010 4
2011 4
2012 2
2013 1
2014 1
2015 2
2016 0
2017 1
2018 4
2019 2
2020 2
2021 0
2022 2
2023 2
2024 0
2025 4
2026 4
2027 2
2028 2
2029 3
2030 4
2031 2
2032 1
2033 0
2034 3
2035 3
2036 0
2037 0
2038 4
2039 0
2040 0
2041 3
2042 2
2043 3
2044 2
2045 2
2046 4
2047 2
2048 1
2049 2
2050 4
2051 3
2052 0
2053 1
2054 2
2055 2
2056 0
2057 0
2058 0
2059 0
2060 0
2061 2
2062 0
2063 1
2064 0
2065 3
2066 2
2067 2
2068 2
2069 3
2070 0
2071 0
2072 0
2073 3
2074 2
2075 0
2076 2
2077 0
2078 2
2079 3
2080 3
2081 2
2082 3
2083 3
2084 0
2085 0
2086 3
2087 4
2088 0
2089 2
2090 0
2091 2
2092 2
2093 1
2094 1
2095 1
2096 2
2097 2
2098 1
2099 0
2100 3
2101 2
2102 1
2103 3
2104 2
2105 4
2106 2
2107 0
2108 1
2109 3
2110 1
2111 2
2112 2
2113 2
2114 0
2115 0
2116 4
2117 1
2118 1
2119 2
2120 3
2121 0
2122 4
2123 1
2124 2
2125 1
2126 1
2127 2
2128 2
2129 0
2130 0
2131 4
2132 2
2133 1
2134 1
2135 1
2136 2
2137 2
2138 1
2139 3
2140 2
2141 3
2142 2
2143 1
2144 1
2145 4
2146 2
2147 2
2148 1
2149 4
2150 4
2151 3
2152 3
2153 0
2154 1
2155 3
2156 2
2157 4
2158 2
2159 2
2160 2
2161 4
2162 1
2163 1
2164 4
2165 3
2166 4
2167 2
2168 1
2169 1
2170 0
2171 2
2172 1
2173 0
2174 2
2175 0
2176 3
2177 3
2178 4
2179 4
2180 2
2181 1
2182 2
2183 1
2184 1
2185 4
2186 4
2187 1
2188 1
2189 2
2190 2
2191 0
2192 1
2193 1
2194 1
2195 0
2196 2
2197 0
2198 2
2199 4
2200 2
2201 3
2202 2
2203 3
2204 2
2205 2
2206 1
2207 4
2208 2
2209 0
2210 3
2211 4
2212 2
2213 2
2214 2
2215 3
2216 2
2217 3
2218 3
2219 0
2220 2
2221 2
2222 3
2223 3
2224 3
2225 2
2226 2
2227 0
2228 2
2229 2
2230 0
2231 2
2232 0
2233 3
2234 2
2235 2
2236 0
2237 2
2238 2
2239 2
2240 4
2241 1
2242 4
2243 2
2244 0
2245 0
2246 4
2247 4
2248 2
2249 3
2250 0
2251 2
2252 4
2253 3
2254 2
2255 3
2256 2
2257 0
2258 0
2259 0
2260 0
2261 0
2262 0
2263 0
2264 0
2265 4
2266 0
2267 4
2268 0
2269 0
2270 3
2271 2
2272 0
2273 4
2274 4
2275 2
2276 3
2277 0
2278 3
2279 2
2280 2
2281 3
2282 2
2283 0
2284 2
2285 3
2286 2
2287 1
2288 3
2289 0
2290 3
2291 2
2292 2
2293 2
2294 0
2295 1
2296 3
2297 3
2298 4
2299 4
2300 0
2301 2
2302 3
2303 0
2304 4
2305 3
2306 2
2307 4
2308 2
2309 3
2310 3
2311 3
2312 2
2313 0
2314 1
2315 0
2316 2
2317 0
2318 0
2319 0
2320 2
2321 2
2322 2
2323 3
2324 3
2325 0
2326 3
2327 2
2328 2
2329 2
2330 2
2331 0
2332 2
2333 3
2334 3
2335 2
2336 3
2337 4
2338 2
2339 2
2340 2
2341 0
2342 2
2343 2
2344 2
2345 4
2346 3
2347 4
2348 4
2349 2
2350 0
2351 4
2352 0
2353 4
2354 1
2355 4
2356 3
2357 1
2358 3
2359 4
2360 0
2361 1
2362 4
2363 0
2364 0
2365 4
2366 0
2367 0
2368 3
2369 3
2370 4
2371 2
2372 3
2373 4
2374 2
2375 3
2376 3
2377 2
2378 0
2379 3
2380 2
2381 3
2382 4
2383 3
2384 2
2385 0
2386 2
2387 3
2388 3
2389 3
2390 4
2391 0
2392 0
2393 0
2394 3
2395 3
2396 3
2397 3
2398 0
2399 2
2400 0
2401 2
2402 2
2403 2
2404 2
2405 0
2406 2
2407 3
2408 0
2409 2
2410 4
2411 2
2412 1
2413 4
2414 4
2415 4
2416 4
2417 0
2418 4
2419 1
2420 0
2421 4
2422 3
2423 4
2424 4
2425 3
2426 3
2427 0
2428 2
2429 2
2430 1
2431 2
2432 4
2433 3
2434 0
2435 0
2436 0
2437 4
2438 1
2439 0
2440 3
2441 1
2442 4
2443 4
2444 4
2445 2
2446 3
2447 0
2448 0
2449 2
2450 4
2451 4
2452 3
2453 2
2454 0
2455 4
2456 1
2457 4
2458 2
2459 2
2460 0
2461 4
2462 0
2463 3
2464 3
2465 4
2466 4
2467 2
2468 0
2469 0
2470 0
2471 0
2472 3
2473 3
2474 2
2475 3
2476 3
2477 4
2478 2
2479 2
2480 3
2481 0
2482 1
2483 1
2484 1
2485 0
2486 4
2487 3
2488 4
2489 0
2490 4
2491 2
2492 0
2493 4
2494 3
2495 2
2496 2
2497 2
2498 0
2499 0
2500 1
2501 1
2502 1
2503 1
2504 1
2505 1
2506 1
2507 1
2508 1
2509 1
2510 1
2511 1
2512 4
2513 2
2514 3
2515 0
2516 1
2517 3
2518 3
2519 2
2520 2
2521 4
2522 1
2523 1
2524 2
2525 3
2526 4
2527 0
2528 4
2529 0
2530 0
2531 4
2532 3
2533 0
2534 0
2535 2
2536 0
2537 1
2538 2
2539 0
2540 2
2541 4
2542 3
2543 4
2544 3
2545 2
2546 3
2547 1
2548 3
2549 4
2550 4
2551 4
2552 4
2553 4
2554 4
2555 1
2556 0
2557 1
2558 3
2559 3
2560 3
2561 1
2562 2
2563 1
2564 0
2565 3
2566 0
2567 2
2568 1
2569 4
2570 2
2571 2
2572 0
2573 1
2574 3
2575 1
2576 1
2577 1
2578 1
2579 4
2580 1
2581 1
2582 1
2583 1
2584 1
2585 4
2586 4
2587 1
2588 0
2589 3
2590 1
2591 1
2592 3
2593 2
2594 3
2595 2
2596 4
2597 0
2598 2
2599 1
2600 3
2601 3
2602 4
2603 2
2604 0
2605 2
2606 2
2607 0
2608 4
2609 0
2610 0
2611 0
2612 1
2613 0
2614 4
2615 0
2616 4
2617 2
2618 4
2619 4
2620 2
2621 3
2622 2
2623 0
2624 1
2625 2
2626 2
2627 4
2628 2
2629 2
2630 3
2631 0
2632 0
2633 0
2634 3
2635 4
2636 2
2637 0
2638 0
2639 4
2640 3
2641 4
2642 2
2643 4
2644 2
2645 2
2646 3
2647 3
2648 4
2649 4
2650 2
2651 0
2652 1
2653 4
2654 2
2655 2
2656 2
2657 3
2658 3
2659 1
2660 4
2661 2
2662 2
2663 0
2664 3
2665 0
2666 1
2667 3
2668 4
2669 4
2670 2
2671 3
2672 2
2673 3
2674 4
2675 2
2676 3
2677 4
2678 3
2679 2
2680 0
2681 0
2682 2
2683 2
2684 2
2685 0
2686 2
2687 3
2688 4
2689 3
2690 3
2691 4
2692 3
2693 4
2694 2
2695 2
2696 1
2697 0
2698 2
2699 4
2700 4
2701 1
2702 1
2703 2
2704 3
2705 0
2706 2
2707 2
2708 0
2709 4
2710 2
2711 2
2712 4
2713 2
2714 2
2715 3
2716 1
2717 1
2718 1
2719 0
2720 0
2721 3
2722 4
2723 2
2724 2
2725 2
2726 3
2727 4
2728 3
2729 2
2730 3
2731 3
2732 3
2733 3
2734 2
2735 4
2736 0
2737 3
2738 2
2739 0
2740 4
2741 4
2742 4
2743 2
2744 2
2745 4
2746 4
2747 2
2748 2
2749 0
2750 3
2751 0
2752 2
2753 3
2754 3
2755 0
2756 4
2757 0
2758 2
2759 0
2760 3
2761 2
2762 0
2763 1
2764 2
2765 1
2766 0
2767 0
2768 2
2769 1
2770 3
2771 4
2772 3
2773 1
2774 2
2775 3
2776 2
2777 3
2778 2
2779 3
2780 2
2781 1
2782 3
2783 3
2784 4
2785 3
2786 4
2787 2
2788 2
2789 3
2790 3
2791 4
2792 0
2793 3
2794 2
2795 2
2796 4
2797 2
2798 2
2799 2
2800 2
2801 3
2802 2
2803 4
2804 4
2805 3
2806 3
2807 2
2808 2
2809 3
2810 2
2811 3
2812 3
2813 2
2814 3
2815 3
2816 3
2817 3
2818 3
2819 3
2820 3
2821 4
2822 4
2823 3
2824 4
2825 1
2826 4
2827 2
2828 4
2829 2
2830 4
2831 4
2832 4
2833 2
2834 4
2835 4
2836 4
2837 3
2838 4
2839 2
2840 2
2841 4
2842 4
2843 2
2844 4
2845 4
2846 2
2847 2
2848 4
2849 3
2850 0
2851 4
2852 2
2853 2
2854 2
2855 4
2856 2
2857 4
2858 4
2859 1
2860 1
2861 2
2862 1
2863 4
2864 3
2865 4
2866 4
2867 3
2868 3
2869 2
2870 2
2871 1
2872 3
2873 4
2874 3
2875 3
2876 2
2877 2
2878 3
2879 4
2880 2
2881 0
2882 4
2883 4
2884 2
2885 2
2886 4
2887 4
2888 3
2889 3
2890 3
2891 3
2892 4
2893 3
2894 3
2895 3
2896 4
2897 4
2898 4
2899 4
2900 2
2901 4
2902 2
2903 2
2904 3
2905 3
2906 3
2907 4
2908 3
2909 3
2910 3
2911 3
2912 3
2913 3
2914 4
2915 2
2916 3
2917 4
2918 4
2919 4
2920 3
2921 3
2922 2
2923 2
2924 2
2925 3
2926 1
2927 3
2928 2
2929 3
2930 2
2931 1
2932 2
2933 2
2934 2
2935 3
2936 3
2937 2
2938 1
2939 4
2940 0
2941 4
2942 2
2943 4
2944 4
2945 0
2946 4
2947 3
2948 2
2949 2
2950 0
2951 3
2952 3
2953 2
2954 0
2955 2
2956 2
2957 4
2958 2
2959 3
2960 0
2961 4
2962 2
2963 3
2964 3
2965 0
2966 3
2967 3
2968 3
2969 2
2970 0
2971 4
2972 4
2973 2
2974 1
2975 2
2976 4
2977 2
2978 2
2979 4
2980 2
2981 2
2982 0
2983 3
2984 3
2985 0
2986 2
2987 1
2988 2
2989 0
2990 3
2991 3
2992 0
2993 4
2994 0
2995 0
2996 3
2997 4
2998 2
2999 0
3000 2
3001 4
3002 1
3003 3
3004 0
3005 4
3006 0
3007 2
3008 3
3009 2
3010 3
3011 0
3012 2
3013 4
3014 2
3015 0
3016 4
3017 4
3018 3
3019 2
3020 3
3021 3
3022 3
3023 3
3024 3
3025 2
3026 2
3027 2
3028 2
3029 3
3030 3
3031 0
3032 1
3033 1
3034 4
3035 3
3036 2
3037 0
3038 1
3039 1
3040 1
3041 4
3042 1
3043 1
3044 0
3045 1
3046 4
3047 0
3048 1
3049 1
3050 1
3051 1
3052 1
3053 2
3054 4
3055 0
3056 1
3057 1
3058 1
3059 1
3060 1
3061 1
3062 4
3063 4
3064 1
3065 1
3066 1
3067 1
3068 4
3069 4
3070 4
3071 4
3072 1
3073 1
3074 1
3075 1
3076 4
3077 4
3078 4
3079 1
3080 1
3081 4
3082 4
3083 1
3084 1
3085 4
3086 1
3087 1
3088 1
3089 1
3090 4
3091 4
3092 4
3093 4
3094 1
3095 1
3096 1
3097 1
3098 1
3099 4
3100 4
3101 1
3102 1
3103 4
3104 4
3105 1
3106 1
3107 1
3108 1
3109 1
3110 1
3111 1
3112 1
3113 4
3114 1
3115 4
3116 1
3117 4
3118 1
3119 1
3120 1
3121 3
3122 1
3123 1
3124 1
3125 1
3126 4
3127 1
3128 1
3129 1
3130 4
3131 4
3132 1
3133 4
3134 1
3135 1
3136 1
3137 1
3138 1
3139 1
3140 4
3141 1
3142 1
3143 4
3144 1
3145 4
3146 1
3147 1
3148 1
3149 4
3150 1
3151 4
3152 4
3153 1
3154 1
3155 1
3156 4
3157 1
3158 4
3159 4
3160 4
3161 2
3162 4
3163 1
3164 1
3165 1
3166 4
3167 1
3168 1
3169 1
3170 1
3171 1
3172 1
3173 4
3174 4
3175 1
3176 4
3177 1
3178 1
3179 1
3180 4
3181 1
3182 1
3183 4
3184 4
3185 1
3186 4
3187 1
3188 1
3189 1
3190 1
3191 1
3192 1
3193 1
3194 1
3195 1
3196 1
3197 4
3198 4
3199 1
3200 1
3201 1
3202 1
3203 1
3204 1
3205 4
3206 4
3207 1
3208 1
3209 4
3210 0
3211 1
3212 1
3213 1
3214 4
3215 1
3216 1
3217 4
3218 1
3219 1
3220 1
3221 4
3222 1
3223 1
3224 1
3225 1
3226 1
3227 4
3228 4
3229 1
3230 1
3231 4
3232 1
3233 1
3234 1
3235 4
3236 4
3237 4
3238 4
3239 2
3240 4
3241 0
3242 0
3243 3
3244 0
3245 3
3246 3
3247 0
3248 2
3249 0
3250 3
3251 3
3252 4
3253 3
3254 0
3255 4
3256 2
3257 4
3258 4
3259 2
3260 0
3261 2
3262 2
3263 2
3264 2
3265 2
3266 3
3267 3
3268 0
3269 2
3270 4
3271 4
3272 1
3273 4
3274 1
3275 3
3276 0
3277 2
3278 3
3279 3
3280 0
3281 2
3282 0
3283 0
3284 2
3285 2
3286 2
3287 3
3288 0
3289 2
3290 2
3291 4
3292 4
3293 0
3294 2
3295 2
3296 4
3297 3
3298 4
3299 0
3300 0
3301 4
3302 2
3303 2
3304 0
3305 4
3306 2
3307 0
3308 0
3309 0
3310 4
3311 3
3312 3
3313 2
3314 2
3315 2
3316 3
3317 2
3318 3
3319 2
3320 0
3321 3
3322 2
3323 4
3324 2
3325 3
3326 3
3327 0
3328 2
3329 0
3330 4
3331 2
3332 3
3333 4
3334 2
3335 3
3336 0
3337 1
3338 1
3339 1
3340 1
3341 1
3342 1
3343 1
3344 2
3345 2
3346 1
3347 1
3348 1
3349 1
3350 3
3351 1
3352 1
3353 1
3354 1
3355 1
3356 1
3357 1
3358 1
3359 1
3360 1
3361 1
3362 1
3363 2
3364 0
3365 1
3366 3
3367 2
3368 1
3369 3
3370 3
3371 3
3372 3
3373 0
3374 0
3375 4
3376 4
3377 4
3378 3
3379 3
3380 2
3381 4
3382 0
3383 0
3384 3
3385 4
3386 4
3387 4
3388 4
3389 4
3390 2
3391 4
3392 2
3393 4
3394 0
3395 2
3396 0
3397 3
3398 0
3399 0
3400 0
3401 0
3402 4
3403 2
3404 1
3405 4
3406 4
3407 2
3408 3
3409 4
3410 0
3411 0
3412 0
3413 0
3414 3
3415 2
3416 2
3417 3
3418 3
3419 2
3420 4
3421 0
3422 1
3423 4
3424 3
3425 2
3426 2
3427 3
3428 4
3429 2
3430 2
3431 4
3432 0
3433 0
3434 2
3435 3
3436 2
3437 0
3438 3
3439 0
3440 3
3441 4
3442 4
3443 4
3444 0
3445 0
3446 4
3447 3
3448 2
3449 4
3450 2
3451 2
3452 2
3453 0
3454 2
3455 0
3456 2
3457 0
3458 0
3459 2
3460 2
3461 4
3462 4
3463 0
3464 2
3465 1
3466 0
3467 2
3468 2
3469 4
3470 0
3471 4
3472 3
3473 4
3474 2
3475 3
3476 2
3477 0
3478 0
3479 0
3480 3
3481 2
3482 3
3483 0
3484 0
3485 2
3486 2
3487 3
3488 2
3489 0
3490 3
3491 4
3492 2
3493 2
3494 4
3495 0
3496 0
3497 4
3498 0
3499 2
3500 4
3501 4
3502 0
3503 4
3504 0
3505 4
3506 0
3507 0
3508 3
3509 2
3510 0
3511 2
3512 2
3513 1
3514 0
3515 0
3516 0
3517 3
3518 2
3519 4
3520 0
3521 3
3522 2
3523 0
3524 0
3525 4
3526 0
3527 4
3528 3
3529 2
3530 0
3531 4
3532 4
3533 4
3534 0
3535 2
3536 2
3537 2
3538 0
3539 0
3540 2
3541 2
3542 3
3543 2
3544 4
3545 0
3546 4
3547 4
3548 2
3549 4
3550 4
3551 2
3552 2
3553 2
3554 4
3555 4
3556 0
3557 2
3558 0
3559 4
3560 2
3561 3
3562 2
3563 4
3564 0
3565 0
3566 2
3567 4
3568 2
3569 4
3570 2
3571 4
3572 2
3573 4
3574 4
3575 3
3576 4
3577 4
3578 2
3579 0
3580 0
3581 4
3582 4
3583 2
3584 3
3585 2
3586 2
3587 0
3588 2
3589 0
3590 3
3591 4
3592 2
3593 0
3594 0
3595 4
3596 4
3597 2
3598 0
3599 2
3600 0
3601 0
3602 3
3603 3
3604 2
3605 2
3606 3
3607 3
3608 3
3609 0
3610 2
3611 0
3612 4
3613 2
3614 3
3615 0
3616 1
3617 2
3618 2
3619 0
3620 0
3621 0
3622 2
3623 0
3624 0
3625 2
3626 2
3627 3
3628 2
3629 3
3630 2
3631 3
3632 3
3633 3
3634 2
3635 4
3636 0
3637 4
3638 4
3639 4
3640 0
3641 3
3642 2
3643 4
3644 0
3645 2
3646 3
3647 4
3648 0
3649 4
3650 2
3651 2
3652 4
3653 2
3654 2
3655 0
3656 1
3657 4
3658 3
3659 0
3660 0
3661 0
3662 2
3663 0
3664 2
3665 3
3666 2
3667 2
3668 2
3669 0
3670 4
3671 1
3672 3
3673 3
3674 2
3675 3
3676 4
3677 3
3678 0
3679 0
3680 4
3681 4
3682 4
3683 0
3684 4
3685 1
3686 4
3687 4
3688 4
3689 1
3690 1
3691 1
3692 1
3693 1
3694 1
3695 1
3696 1
3697 1
3698 4
3699 4
3700 4
3701 4
3702 1
3703 3
3704 4
3705 1
3706 1
3707 1
3708 1
3709 4
3710 1
3711 1
3712 1
3713 1
3714 2
3715 4
3716 1
3717 1
3718 4
3719 1
3720 1
3721 1
3722 1
3723 4
3724 4
3725 1
3726 1
3727 1
3728 1
3729 1
3730 4
3731 1
3732 1
3733 4
3734 4
3735 1
3736 1
3737 1
3738 1
3739 4
3740 4
3741 1
3742 1
3743 1
3744 1
3745 1
3746 1
3747 1
3748 1
3749 3
3750 1
3751 4
3752 1
3753 1
3754 1
3755 1
3756 1
3757 1
3758 4
3759 1
3760 1
3761 4
3762 1
3763 4
3764 4
3765 4
3766 4
3767 1
3768 1
3769 1
3770 4
3771 1
3772 1
3773 1
3774 3
3775 4
3776 4
3777 1
3778 1
3779 1
3780 4
3781 1
3782 4
3783 1
3784 1
3785 1
3786 1
3787 1
3788 4
3789 1
3790 4
3791 2
3792 4
3793 4
3794 1
3795 1
3796 1
3797 1
3798 4
3799 1
3800 4
3801 1
3802 3
3803 1
3804 1
3805 1
3806 4
3807 1
3808 1
3809 1
3810 4
3811 1
3812 1
3813 1
3814 1
3815 1
3816 1
3817 1
3818 1
3819 1
3820 1
3821 1
3822 1
3823 1
3824 1
3825 1
3826 4
3827 1
3828 1
3829 4
3830 4
3831 4
3832 1
3833 1
3834 4
3835 1
3836 1
3837 1
3838 1
3839 1
3840 1
3841 4
3842 4
3843 4
3844 1
3845 1
3846 4
3847 4
3848 1
3849 4
3850 1
3851 4
3852 4
3853 1
3854 4
3855 4
3856 0
3857 0
3858 0
3859 2
3860 4
3861 3
3862 2
3863 3
3864 0
3865 4
3866 0
3867 4
3868 3
3869 0
3870 2
3871 4
3872 3
3873 4
3874 3
3875 2
3876 0
3877 4
3878 3
3879 0
3880 3
3881 0
3882 4
3883 4
3884 3
3885 0
3886 0
3887 3
3888 0
3889 0
3890 0
3891 0
3892 3
3893 0
3894 2
3895 4
3896 3
3897 3
3898 2
3899 0
3900 4
3901 3
3902 4
3903 0
3904 0
3905 0
3906 0
3907 0
3908 2
3909 2
3910 0
3911 4
3912 2
3913 2
3914 3
3915 2
3916 4
3917 2
3918 1
3919 3
3920 2
3921 3
3922 2
3923 2
3924 2
3925 3
3926 0
3927 4
3928 3
3929 1
3930 2
3931 0
3932 4
3933 3
3934 0
3935 3
3936 3
3937 0
3938 3
3939 3
3940 3
3941 0
3942 2
3943 0
3944 2
3945 3
3946 4
3947 4
3948 4
3949 3
3950 3
3951 0
3952 4
3953 4
3954 2
3955 2
3956 2
3957 3
3958 0
3959 4
3960 2
3961 0
3962 0
3963 0
3964 3
3965 3
3966 4
3967 3
3968 0
3969 2
3970 3
3971 2
3972 3
3973 4
3974 4
3975 3
3976 0
3977 2
3978 2
3979 3
3980 4
3981 0
3982 3
3983 4
3984 4
3985 2
3986 2
3987 3
3988 3
3989 2
3990 3
3991 4
3992 0
3993 1
3994 3
3995 3
3996 4
3997 2
3998 0
3999 3
4000 2
4001 0
4002 3
4003 3
4004 1
4005 3
4006 0
4007 4
4008 3
4009 4
4010 0
4011 3
4012 0
4013 0
4014 3
4015 0
4016 3
4017 0
4018 0
4019 4
4020 3
4021 2
4022 2
4023 2
4024 0
4025 0
4026 2
4027 4
4028 0
4029 3
4030 0
4031 0
4032 0
4033 4
4034 4
4035 0
4036 0
4037 2
4038 2
4039 2
4040 0
4041 3
4042 3
4043 3
4044 2
4045 3
4046 4
4047 4
4048 3
4049 0
4050 0
4051 2
4052 2
4053 2
4054 3
4055 2
4056 2
4057 0
4058 0
4059 0
4060 3
4061 0
4062 2
4063 3
4064 3
4065 3
4066 0
4067 3
4068 4
4069 3
4070 2
4071 4
4072 2
4073 3
4074 0
4075 3
4076 0
4077 3
4078 3
4079 0
4080 2
4081 0
4082 0
4083 0
4084 2
4085 0
4086 0
4087 0
4088 2
4089 2
4090 2
4091 3
4092 0
4093 3
4094 0
4095 2
4096 3
4097 0
4098 4
4099 3
4100 2
4101 3
4102 2
4103 4
4104 0
4105 4
4106 4
4107 0
4108 0
4109 3
4110 4
4111 0
4112 0
4113 0
4114 4
4115 4
4116 2
4117 3
4118 2
4119 3
4120 0
4121 2
4122 0
4123 3
4124 3
4125 2
4126 2
4127 0
4128 3
4129 3
4130 3
4131 3
4132 2
4133 3
4134 2
4135 3
4136 0
4137 2
4138 4
4139 2
4140 2
4141 3
4142 1
4143 3
4144 0
4145 3
4146 4
4147 0
4148 0
4149 4
4150 0
4151 3
4152 2
4153 2
4154 2
4155 4
4156 3
4157 4
4158 4
4159 3
4160 3
4161 3
4162 3
4163 3
4164 4
4165 2
4166 2
4167 2
4168 3
4169 3
4170 3
4171 2
4172 4
4173 2
4174 2
4175 2
4176 3
4177 2
4178 4
4179 3
4180 0
4181 2
4182 0
4183 4
4184 4
4185 2
4186 2
4187 4
4188 3
4189 3
4190 3
4191 3
4192 3
4193 4
4194 4
4195 3
4196 4
4197 2
4198 4
4199 4
4200 3
4201 4
4202 3
4203 3
4204 3
4205 3
4206 3
4207 3
4208 1
4209 2
4210 3
4211 3
4212 2
4213 2
4214 3
4215 3
4216 3
4217 3
4218 3
4219 3
4220 3
4221 3
4222 4
4223 3
4224 3
4225 4
4226 3
4227 3
4228 3
4229 3
4230 3
4231 3
4232 3
4233 2
4234 3
4235 3
4236 1
4237 2
4238 2
4239 3
4240 1
4241 4
4242 3
4243 4
4244 3
4245 3
4246 3
4247 3
4248 3
4249 3
4250 3
4251 4
4252 2
4253 4
4254 4
4255 3
4256 4
4257 2
4258 3
4259 3
4260 3
4261 3
4262 3
4263 3
4264 3
4265 3
4266 0
4267 3
4268 3
4269 4
4270 2
4271 3
4272 3
4273 3
4274 3
4275 2
4276 4
4277 2
4278 3
4279 3
4280 3
4281 3
4282 3
4283 3
4284 2
4285 3
4286 4
4287 3
4288 3
4289 3
4290 2
4291 4
4292 4
4293 2
4294 4
4295 3
4296 2
4297 4
4298 3
4299 2
4300 3
4301 3
4302 3
4303 4
4304 3
4305 4
4306 4
4307 4
4308 2
4309 4
4310 4
4311 0
4312 4
4313 4
4314 1
4315 2
4316 4
4317 3
4318 4
4319 3
4320 3
4321 2
4322 3
4323 3
4324 2
4325 3
4326 3
4327 3
4328 3
4329 3
4330 3
4331 4
4332 0
4333 2
4334 2
4335 0
4336 0
4337 4
4338 4
4339 2
4340 2
4341 3
4342 4
4343 0
4344 0
4345 2
4346 0
4347 2
4348 0
4349 0
4350 0
4351 3
4352 0
4353 2
4354 0
4355 2
4356 0
4357 4
4358 2
4359 1
4360 0
4361 2
4362 0
4363 0
4364 0
4365 4
4366 1
4367 0
4368 3
4369 4
4370 4
4371 4
4372 2
4373 4
4374 4
4375 2
4376 4
4377 0
4378 3
4379 0
4380 2
4381 3
4382 3
4383 2
4384 2
4385 0
4386 0
4387 4
4388 4
4389 3
4390 2
4391 3
4392 3
4393 3
4394 0
4395 0
4396 4
4397 4
4398 3
4399 0
4400 3
4401 2
4402 4
4403 4
4404 0
4405 2
4406 2
4407 3
4408 4
4409 2
4410 0
4411 3
4412 3
4413 1
4414 0
4415 4
4416 4
4417 0
4418 2
4419 0
4420 0
4421 3
4422 0
4423 0
4424 0
4425 3
4426 0
4427 2
4428 3
4429 2
4430 2
4431 2
4432 3
4433 2
4434 3
4435 3
4436 3
4437 0
4438 2
4439 3
4440 0
4441 2
4442 0
4443 4
4444 3
4445 0
4446 0
4447 2
4448 4
4449 0
4450 4
4451 3
4452 0
4453 4
4454 3
4455 1
4456 4
4457 4
4458 4
4459 0
4460 0
4461 0
4462 0
4463 0
4464 4
4465 0
4466 0
4467 2
4468 4
4469 4
4470 0
4471 0
4472 4
4473 0
4474 0
4475 3
4476 0
4477 3
4478 4
4479 0
4480 3
4481 0
4482 2
4483 1
4484 2
4485 3
4486 4
4487 4
4488 3
4489 3
4490 4
4491 4
4492 0
4493 3
4494 2
4495 3
4496 2
4497 4
4498 0
4499 3
4500 0
4501 2
4502 3
4503 2
4504 0
4505 3
4506 3
4507 3
4508 0
4509 3
4510 3
4511 2
4512 2
4513 2
4514 0
4515 0
4516 3
4517 0
4518 0
4519 0
4520 3
4521 4
4522 3
4523 0
4524 2
4525 2
4526 1
4527 2
4528 3
4529 3
4530 1
4531 4
4532 4
4533 4
4534 1
4535 0
4536 0
4537 1
4538 0
4539 0
4540 3
4541 4
4542 0
4543 0
4544 3
4545 2
4546 2
4547 3
4548 3
4549 3
4550 4
4551 0
4552 2
4553 2
4554 2
4555 2
4556 2
4557 0
4558 0
4559 3
4560 3
4561 2
4562 2
4563 2
4564 4
4565 0
4566 2
4567 2
4568 2
4569 2
4570 0
4571 3
4572 2
4573 2
4574 2
4575 3
4576 0
4577 3
4578 3
4579 0
4580 0
4581 2
4582 4
4583 2
4584 3
4585 3
4586 4
4587 2
4588 2
4589 2
4590 2
4591 0
4592 4
4593 2
4594 3
4595 0
4596 3
4597 0
4598 2
4599 3
4600 2
4601 3
4602 2
4603 0
4604 3
4605 4
4606 1
4607 3
4608 1
4609 1
4610 1
4611 1
4612 4
4613 1
4614 1
4615 1
4616 1
4617 4
4618 4
4619 1
4620 4
4621 1
4622 1
4623 4
4624 1
4625 1
4626 1
4627 1
4628 1
4629 1
4630 1
4631 4
4632 4
4633 1
4634 4
4635 1
4636 1
4637 1
4638 1
4639 4
4640 1
4641 1
4642 4
4643 1
4644 1
4645 1
4646 4
4647 1
4648 1
4649 1
4650 1
4651 1
4652 4
4653 4
4654 1
4655 1
4656 1
4657 1
4658 4
4659 4
4660 4
4661 1
4662 4
4663 1
4664 4
4665 1
4666 1
4667 4
4668 1
4669 1
4670 1
4671 1
4672 1
4673 1
4674 4
4675 4
4676 4
4677 1
4678 1
4679 1
4680 4
4681 1
4682 4
4683 1
4684 1
4685 1
4686 1
4687 1
4688 1
4689 4
4690 4
4691 1
4692 1
4693 1
4694 4
4695 4
4696 1
4697 1
4698 1
4699 1
4700 4
4701 4
4702 4
4703 1
4704 1
4705 1
4706 1
4707 4
4708 4
4709 2
4710 1
4711 1
4712 1
4713 4
4714 4
4715 4
4716 1
4717 1
4718 1
4719 1
4720 1
4721 1
4722 0
4723 1
4724 1
4725 1
4726 1
4727 1
4728 4
4729 1
4730 4
4731 4
4732 1
4733 1
4734 1
4735 4
4736 1
4737 4
4738 4
4739 4
4740 1
4741 1
4742 1
4743 4
4744 1
4745 1
4746 1
4747 1
4748 1
4749 4
4750 1
4751 1
4752 1
4753 1
4754 4
4755 1
4756 4
4757 4
4758 1
4759 1
4760 4
4761 4
4762 1
4763 4
4764 1
4765 4
4766 1
4767 1
4768 4
4769 1
4770 1
4771 1
4772 1
4773 1
4774 4
4775 1
4776 4
4777 1
4778 1
4779 1
4780 4
4781 4
4782 4
4783 1
4784 4
4785 1
4786 4
4787 1
4788 1
4789 4
4790 4
4791 4
4792 4
4793 1
4794 1
4795 4
4796 1
4797 4
4798 1
4799 1
4800 1
4801 4
4802 1
4803 2
4804 4
4805 4
4806 1
4807 1
4808 1
4809 4
4810 1
4811 1
4812 1
4813 1
4814 1
4815 1
4816 1
4817 1
4818 4
4819 4
4820 1
4821 4
4822 1
4823 1
4824 4
4825 4
4826 1
4827 4
4828 1
4829 4
4830 1
4831 1
4832 4
4833 1
4834 1
4835 1
4836 1
4837 4
4838 1
4839 1
4840 1
4841 1
4842 1
4843 1
4844 1
4845 1
4846 1
4847 1
4848 1
4849 1
4850 1
4851 1
4852 4
4853 1
4854 1
4855 4
4856 1
4857 1
4858 4
4859 1
4860 4
4861 1
4862 1
4863 1
4864 1
4865 1
4866 4
4867 1
4868 4
4869 1
4870 4
4871 4
4872 4
4873 4
4874 1
4875 1
4876 1
4877 4
4878 4
4879 1
4880 1
4881 1
4882 1
4883 1
4884 4
4885 1
4886 1
4887 4
4888 1
4889 1
4890 4
4891 4
4892 1
4893 1
4894 1
4895 4
4896 1
4897 4
4898 4
4899 4
4900 1
4901 1
4902 4
4903 1
4904 1
4905 4
4906 1
4907 4
4908 1
4909 4
4910 1
4911 1
4912 4
4913 1
4914 1
4915 1
4916 1
4917 1
4918 1
4919 1
4920 1
4921 4
4922 1
4923 1
4924 1
4925 4
4926 1
4927 4
4928 1
4929 1
4930 4
4931 1
4932 1
4933 1
4934 1
4935 1
4936 1
4937 4
4938 4
4939 4
4940 1
4941 4
4942 4
4943 4
4944 4
4945 4
4946 4
4947 1
4948 1
4949 0
4950 1
4951 4
4952 4
4953 1
4954 1
4955 4
4956 1
4957 1
4958 1
4959 1
4960 1
4961 4
4962 1
4963 1
4964 1
4965 4
4966 4
4967 1
4968 4
4969 1
4970 1
4971 1
4972 1
4973 1
4974 4
4975 4
4976 1
4977 1
4978 1
4979 1
4980 3
4981 1
4982 1
4983 4
4984 1
4985 1
4986 4
4987 4
4988 1
4989 4
4990 1
4991 1
4992 4
4993 1
4994 1
4995 1
4996 4
4997 1
4998 4
4999 0
5000 1
5001 1
5002 4
5003 1
5004 4
5005 4
5006 1
5007 1
5008 1
5009 1
5010 2
5011 1
5012 1
5013 1
5014 1
5015 1
5016 1
5017 4
5018 1
5019 4
5020 1
5021 1
5022 4
5023 1
5024 1
5025 1
5026 4
5027 1
5028 1
5029 1
5030 1
5031 1
5032 1
5033 4
5034 1
5035 1
5036 4
5037 1
5038 1
5039 1
5040 1
5041 4
5042 4
5043 4
5044 1
5045 4
5046 1
5047 1
5048 1
5049 1
5050 1
5051 4
5052 4
5053 1
5054 1
5055 1
5056 1
5057 1
5058 2
5059 1
5060 1
5061 1
5062 4
5063 1
5064 1
5065 4
5066 4
5067 1
5068 1
5069 4
5070 1
5071 1
5072 1
5073 1
5074 1
5075 1
5076 4
5077 4
5078 1
5079 1
5080 1
5081 4
5082 4
5083 4
5084 1
5085 4
5086 4
5087 4
5088 4
5089 1
5090 1
5091 1
5092 1
5093 4
5094 1
5095 4
5096 1
5097 4
5098 1
5099 1
5100 4
5101 1
5102 4
5103 1
5104 1
5105 4
5106 1
5107 1
5108 4
5109 1
5110 4
5111 1
5112 1
5113 1
5114 1
5115 4
5116 4
5117 4
5118 4
5119 1
5120 4
5121 1
5122 1
5123 1
5124 4
5125 1
5126 1
5127 1
5128 1
5129 1
5130 1
5131 4
5132 1
5133 1
5134 1
5135 4
5136 1
5137 1
5138 4
5139 1
5140 1
5141 1
5142 1
5143 1
5144 4
5145 1
5146 4
5147 1
5148 1
5149 1
5150 4
5151 1
5152 4
5153 4
5154 1
5155 4
5156 1
5157 1
5158 1
5159 4
5160 4
5161 4
5162 4
5163 1
5164 4
5165 1
5166 4
5167 4
5168 4
5169 1
5170 4
5171 4
5172 4
5173 4
5174 1
5175 4
5176 1
5177 4
5178 1
5179 1
5180 4
5181 1
5182 1
5183 4
5184 1
5185 1
5186 4
5187 1
5188 1
5189 1
5190 1
5191 1
5192 1
5193 4
5194 1
5195 1
5196 1
5197 1
5198 1
5199 1
5200 1
5201 1
5202 1
5203 4
5204 1
5205 1
5206 1
5207 1
5208 4
5209 1
5210 1
5211 4
5212 1
5213 4
5214 1
5215 1
5216 1
5217 1
5218 4
5219 1
5220 4
5221 1
5222 1
5223 4
5224 4
5225 1
5226 4
5227 1
5228 1
5229 1
5230 4
5231 1
5232 1
5233 4
5234 1
5235 4
5236 4
5237 4
5238 1
5239 4
5240 4
5241 4
5242 4
5243 4
5244 1
5245 4
5246 4
5247 1
5248 4
5249 1
5250 1
5251 4
5252 4
5253 1
5254 1
5255 1
5256 4
5257 2
5258 4
5259 4
5260 1
5261 1
5262 1
5263 1
5264 4
5265 4
5266 1
5267 1
5268 4
5269 1
5270 1
5271 1
5272 1
5273 1
5274 1
5275 1
5276 1
5277 1
5278 1
5279 4
5280 1
5281 1
5282 4
5283 4
5284 1
5285 1
5286 4
5287 4
5288 1
5289 1
5290 1
5291 4
5292 4
5293 4
5294 1
5295 1
5296 4
5297 1
5298 1
5299 4
5300 1
5301 1
5302 4
5303 1
5304 1
5305 4
5306 4
5307 4
5308 4
5309 4
5310 4
5311 4
5312 1
5313 4
5314 1
5315 1
5316 1
5317 4
5318 1
5319 4
5320 4
5321 1
5322 1
5323 1
5324 4
5325 4
5326 1
5327 4
5328 4
5329 4
5330 1
5331 4
5332 4
5333 1
5334 1
5335 1
5336 4
5337 4
5338 4
5339 1
5340 4
5341 1
5342 4
5343 1
5344 1
5345 1
5346 4
5347 4
5348 1
5349 4
5350 1
5351 4
5352 1
5353 1
5354 4
5355 1
5356 1
5357 4
5358 1
5359 1
5360 4
5361 4
5362 1
5363 1
5364 4
5365 4
5366 1
5367 1
5368 1
5369 3
5370 3
5371 2
5372 3
5373 3
5374 2
5375 0
5376 2
5377 2
5378 1
5379 3
5380 2
5381 2
5382 4
5383 4
5384 3
5385 2
5386 3
5387 3
5388 0
5389 4
5390 3
5391 3
5392 3
5393 3
5394 3
5395 2
5396 3
5397 3
5398 1
5399 2
5400 3
5401 3
5402 2
5403 3
5404 3
5405 3
5406 3
5407 3
5408 3
5409 3
5410 3
5411 3
5412 3
5413 3
5414 2
5415 3
5416 3
5417 2
5418 2
5419 0
5420 2
5421 3
5422 3
5423 0
5424 4
5425 3
5426 3
5427 3
5428 4
5429 0
5430 2
5431 4
5432 3
5433 3
5434 3
5435 3
5436 0
5437 3
5438 3
5439 3
5440 3
5441 3
5442 3
5443 3
5444 4
5445 3
5446 4
5447 4
5448 4
5449 4
5450 3
5451 3
5452 4
5453 3
5454 3
5455 3
5456 3
5457 2
5458 2
5459 3
5460 2
5461 4
5462 3
5463 3
5464 2
5465 2
5466 2
5467 4
5468 3
5469 4
5470 3
5471 4
5472 4
5473 3
5474 4
5475 2
5476 2
5477 3
5478 2
5479 3
5480 3
5481 3
5482 3
5483 2
5484 2
5485 2
5486 2
5487 3
5488 3
5489 4
5490 4
5491 3
5492 3
5493 4
5494 4
5495 3
5496 2
5497 2
5498 2
5499 2
5500 4
5501 2
5502 3
5503 3
5504 3
5505 2
5506 4
5507 3
5508 3
5509 3
5510 4
5511 2
5512 3
5513 4
5514 2
5515 4
5516 3
5517 2
5518 3
5519 3
5520 4
5521 3
5522 3
5523 3
5524 3
5525 3
5526 3
5527 3
5528 3
5529 4
5530 3
5531 3
5532 3
5533 3
5534 4
5535 4
5536 4
5537 3
5538 3
5539 3
5540 3
5541 4
5542 3
5543 3
5544 3
5545 3
5546 3
5547 3
5548 3
5549 3
5550 3
5551 4
5552 4
5553 3
5554 2
5555 3
5556 2
5557 3
5558 3
5559 3
5560 3
5561 3
5562 4
5563 2
5564 2
5565 3
5566 2
5567 3
5568 3
5569 3
5570 3
5571 3
5572 3
5573 3
5574 3
5575 3
5576 3
5577 3
5578 3
5579 4
5580 2
5581 3
5582 3
5583 3
5584 3
5585 3
5586 4
5587 3
5588 2
5589 2
5590 2
5591 4
5592 2
5593 3
5594 3
5595 3
5596 3
5597 4
5598 3
5599 3
5600 4
5601 3
5602 3
5603 3
5604 3
5605 3
5606 3
5607 3
5608 3
5609 3
5610 3
5611 3
5612 3
5613 3
5614 3
5615 4
5616 2
5617 3
5618 4
5619 2
5620 4
5621 2
5622 4
5623 4
5624 4
5625 2
5626 4
5627 3
5628 2
5629 4
5630 3
5631 3
5632 2
5633 4
5634 0
5635 4
5636 3
5637 2
5638 2
5639 2
5640 3
5641 3
5642 4
5643 3
5644 3
5645 2
5646 3
5647 3
5648 3
5649 3
5650 3
5651 3
5652 2
5653 3
5654 3
5655 3
5656 3
5657 3
5658 3
5659 3
5660 3
5661 3
5662 3
5663 2
5664 3
5665 3
5666 3
5667 2
5668 2
5669 2
5670 2
5671 3
5672 2
5673 3
5674 3
5675 2
5676 0
5677 3
5678 3
5679 4
5680 4
5681 3
5682 4
5683 3
5684 4
5685 3
5686 3
5687 3
5688 3
5689 3
5690 3
5691 3
5692 3
5693 3
5694 3
5695 3
5696 3
5697 3
5698 3
5699 3
5700 3
5701 3
5702 3
5703 3
5704 3
5705 3
5706 3
5707 3
5708 3
5709 3
5710 3
5711 3
5712 3
5713 4
5714 3
5715 3
5716 0
5717 3
5718 3
5719 3
5720 2
5721 3
5722 4
5723 2
5724 3
5725 4
5726 3
5727 3
5728 2
5729 0
5730 4
5731 2
5732 4
5733 3
5734 3
5735 2
5736 3
5737 0
5738 3
5739 3
5740 3
5741 3
5742 3
5743 3
5744 3
5745 3
5746 3
5747 3
5748 3
5749 3
5750 3
5751 3
5752 3
5753 3
5754 3
5755 3
5756 3
5757 3
5758 3
5759 3
5760 3
5761 3
5762 3
5763 3
5764 3
5765 3
5766 3
5767 3
5768 2
5769 3
5770 3
5771 2
5772 4
5773 3
5774 4
5775 3
5776 3
5777 3
5778 2
5779 2
5780 3
5781 2
5782 2
5783 2
5784 2
5785 2
5786 3
5787 3
5788 2
5789 3
5790 3
5791 3
5792 3
5793 3
5794 4
5795 3
5796 2
5797 4
5798 4
5799 0
5800 0
5801 4
5802 4
5803 3
5804 3
5805 4
5806 4
5807 3
5808 3
5809 3
5810 2
5811 3
5812 3
5813 3
5814 3
5815 3
5816 3
5817 3
5818 3
5819 3
5820 3
5821 3
5822 3
5823 3
5824 3
5825 3
5826 3
5827 3
5828 3
5829 3
5830 3
5831 3
5832 3
5833 3
5834 0
5835 3
5836 3
5837 3
5838 3
5839 2
5840 2
5841 2
5842 4
5843 2
5844 3
5845 4
5846 3
5847 3
5848 3
5849 3
5850 3
5851 0
5852 3
5853 3
5854 3
5855 2
5856 4
5857 2
5858 3
5859 4
5860 3
5861 3
5862 3
5863 3
5864 3
5865 4
5866 3
5867 2
5868 0
5869 3
5870 3
5871 3
5872 4
5873 2
5874 2
5875 4
5876 3
5877 3
5878 0
5879 3
5880 3
5881 3
5882 4
5883 3
5884 2
5885 2
5886 0
5887 3
5888 3
5889 3
5890 3
5891 3
5892 3
5893 3
5894 3
5895 3
5896 3
5897 3
5898 3
5899 3
5900 3
5901 3
5902 3
5903 3
5904 3
5905 3
5906 3
5907 3
5908 3
5909 3
5910 3
5911 3
5912 3
5913 3
5914 3
5915 3
5916 3
5917 3
5918 3
5919 3
5920 3
5921 3
5922 4
5923 3
5924 3
5925 3
5926 3
5927 3
5928 1
5929 2
5930 2
5931 2
5932 3
5933 3
5934 2
5935 2
5936 2
5937 2
5938 2
5939 2
5940 2
5941 0
5942 0
5943 2
5944 2
5945 3
5946 4
5947 3
5948 3
5949 4
5950 3
5951 2
5952 2
5953 4
5954 4
5955 2
5956 3
5957 4
5958 2
5959 3
5960 3
5961 3
5962 3
5963 3
5964 3
5965 3
5966 3
5967 3
5968 3
5969 3
5970 3
5971 3
5972 3
5973 3
5974 3
5975 3
5976 3
5977 3
5978 3
5979 3
5980 3
5981 3
5982 3
5983 3
5984 3
5985 3
5986 3
5987 3
5988 3
5989 4
5990 2
5991 2
5992 4
5993 3
5994 2
5995 2
5996 4
5997 3
5998 3
5999 3
6000 3
6001 2
6002 2
6003 2
6004 2
6005 0
6006 3
6007 3
6008 2
6009 2
6010 0
6011 1
6012 3
6013 4
6014 3
6015 2
6016 4
6017 2
6018 2
6019 3
6020 2
6021 2
6022 2
6023 2
6024 3
6025 3
6026 4
6027 3
6028 3
6029 3
6030 3
6031 0
6032 4
6033 3
6034 3
6035 3
6036 1
6037 2
6038 3
6039 3
6040 2
6041 3
6042 2
6043 2
6044 2
6045 3
6046 3
6047 3
6048 3
6049 3
6050 3
6051 3
6052 3
6053 3
6054 3
6055 3
6056 3
6057 3
6058 3
6059 3
6060 3
6061 3
6062 3
6063 3
6064 3
6065 3
6066 3
6067 3
6068 3
6069 3
6070 3
6071 3
6072 3
6073 3
6074 3
6075 3
6076 3
6077 3
6078 3
6079 3
6080 3
6081 3
6082 3
6083 4
6084 3
6085 3
6086 2
6087 4
6088 4
6089 2
6090 3
6091 3
6092 0
6093 2
6094 3
6095 3
6096 1
6097 2
6098 3
6099 3
6100 3
6101 2
6102 3
6103 2
6104 2
6105 0
6106 2
6107 0
6108 4
6109 4
6110 0
6111 3
6112 3
6113 0
6114 3
6115 2
6116 2
6117 2
6118 3
6119 3
6120 3
6121 2
6122 4
6123 0
6124 3
6125 4
6126 3
6127 0
6128 4
6129 0
6130 1
6131 4
6132 3
6133 4
6134 2
6135 0
6136 0
6137 3
6138 2
6139 3
6140 4
6141 2
6142 4
6143 2
6144 0
6145 3
6146 0
6147 3
6148 3
6149 3
6150 2
6151 4
6152 3
6153 3
6154 3
6155 0
6156 2
6157 0
6158 2
6159 2
6160 3
6161 2
6162 4
6163 4
6164 4
6165 4
6166 3
6167 2
6168 2
6169 4
6170 4
6171 4
6172 3
6173 4
6174 3
6175 3
6176 0
6177 2
6178 2
6179 4
6180 2
6181 1
6182 2
6183 0
6184 0
6185 0
6186 0
6187 0
6188 2
6189 0
6190 2
6191 3
6192 3
6193 0
6194 0
6195 2
6196 0
6197 0
6198 0
6199 2
6200 3
6201 0
6202 3
6203 0
6204 3
6205 3
6206 3
6207 3
6208 2
6209 2
6210 3
6211 4
6212 2
6213 2
6214 0
6215 3
6216 3
6217 3
6218 0
6219 2
6220 0
6221 2
6222 2
6223 3
6224 0
6225 3
6226 3
6227 0
6228 0
6229 0
6230 3
6231 0
6232 4
6233 2
6234 2
6235 0
6236 3
6237 0
6238 4
6239 0
6240 2
6241 3
6242 3
6243 3
6244 3
6245 4
6246 3
6247 2
6248 0
6249 0
6250 0
6251 2
6252 0
6253 2
6254 0
6255 2
6256 2
6257 3
6258 2
6259 0
6260 2
6261 2
6262 2
6263 4
6264 1
6265 2
6266 2
6267 3
6268 3
6269 3
6270 0
6271 2
6272 4
6273 0
6274 0
6275 4
6276 3
6277 0
6278 4
6279 2
6280 3
6281 4
6282 3
6283 0
6284 3
6285 2
6286 0
6287 4
6288 3
6289 3
6290 3
6291 2
6292 0
6293 4
6294 4
6295 0
6296 0
6297 0
6298 0
6299 2
6300 1
6301 3
6302 2
6303 0
6304 2
6305 4
6306 2
6307 4
6308 0
6309 4
6310 4
6311 2
6312 0
6313 0
6314 0
6315 4
6316 3
6317 0
6318 0
6319 2
6320 0
6321 2
6322 2
6323 4
6324 3
6325 3
6326 3
6327 0
6328 3
6329 0
6330 0
6331 4
6332 3
6333 4
6334 2
6335 0
6336 0
6337 3
6338 2
6339 0
6340 0
6341 3
6342 0
6343 2
6344 2
6345 2
6346 0
6347 3
6348 4
6349 2
6350 3
6351 0
6352 2
6353 3
6354 4
6355 0
6356 2
6357 3
6358 3
6359 2
6360 0
6361 0
6362 0
6363 4
6364 2
6365 3
6366 3
6367 4
6368 3
6369 2
6370 4
6371 3
6372 2
6373 4
6374 2
6375 0
6376 2
6377 4
6378 3
6379 0
6380 1
6381 4
6382 2
6383 3
6384 0
6385 2
6386 3
6387 3
6388 3
6389 2
6390 4
6391 3
6392 0
6393 0
6394 0
6395 3
6396 0
6397 3
6398 3
6399 3
6400 3
6401 0
6402 3
6403 0
6404 0
6405 3
6406 0
6407 3
6408 3
6409 0
6410 0
6411 2
6412 0
6413 4
6414 0
6415 3
6416 3
6417 0
6418 4
6419 2
6420 3
6421 1
6422 0
6423 0
6424 0
6425 0
6426 2
6427 0
6428 2
6429 3
6430 0
6431 2
6432 2
6433 0
6434 3
6435 4
6436 2
6437 0
6438 0
6439 1
6440 2
6441 2
6442 3
6443 0
6444 4
6445 0
6446 2
6447 0
6448 3
6449 3
6450 1
6451 2
6452 3
6453 2
6454 4
6455 2
6456 3
6457 2
6458 0
6459 0
6460 0
6461 2
6462 0
6463 0
6464 0
6465 0
6466 0
6467 0
6468 0
6469 0
6470 0
6471 0
6472 3
6473 2
6474 2
6475 0
6476 3
6477 3
6478 0
6479 3
6480 1
6481 0
6482 3
6483 0
6484 0
6485 2
6486 0
6487 2
6488 2
6489 2
6490 2
6491 2
6492 0
6493 0
6494 4
6495 2
6496 3
6497 2
6498 2
6499 3
6500 4
6501 3
6502 3
6503 0
6504 0
6505 4
6506 2
6507 1
6508 2
6509 3
6510 3
6511 2
6512 0
6513 2
6514 4
6515 2
6516 0
6517 0
6518 0
6519 2
6520 0
6521 2
6522 0
6523 2
6524 4
6525 0
6526 4
6527 0
6528 1
6529 0
6530 0
6531 0
6532 3
6533 2
6534 0
6535 3
6536 2
6537 4
6538 2
6539 2
6540 0
6541 2
6542 0
6543 2
6544 0
6545 2
6546 0
6547 3
6548 0
6549 0
6550 0
6551 0
6552 3
6553 4
6554 4
6555 0
6556 0
6557 2
6558 2
6559 4
6560 0
6561 4
6562 2
6563 0
6564 0
6565 0
6566 0
6567 3
6568 4
6569 0
6570 3
6571 0
6572 2
6573 0
6574 4
6575 3
6576 3
6577 2
6578 0
6579 4
6580 4
6581 0
6582 3
6583 3
6584 3
6585 2
6586 2
6587 0
6588 0
6589 3
6590 3
6591 2
6592 3
6593 3
6594 3
6595 0
6596 0
6597 2
6598 0
6599 2
6600 3
6601 2
6602 2
6603 0
6604 4
6605 4
6606 0
6607 1
6608 4
6609 0
6610 2
6611 2
6612 2
6613 2
6614 3
6615 2
6616 3
6617 0
6618 3
6619 2
6620 0
6621 0
6622 0
6623 3
6624 2
6625 2
6626 2
6627 0
6628 2
6629 0
6630 4
6631 2
6632 0
6633 3
6634 4
6635 3
6636 0
6637 3
6638 2
6639 3
6640 3
6641 2
6642 2
6643 0
6644 0
6645 3
6646 3
6647 2
6648 0
6649 0
6650 2
6651 2
6652 0
6653 3
6654 2
6655 1
6656 0
6657 0
6658 0
6659 0
6660 3
6661 2
6662 3
6663 2
6664 3
6665 1
6666 2
6667 2
6668 3
6669 3
6670 4
6671 3
6672 0
6673 4
6674 1
6675 2
6676 0
6677 2
6678 3
6679 3
6680 0
6681 3
6682 2
6683 0
6684 2
6685 0
6686 0
6687 2
6688 3
6689 4
6690 2
6691 2
6692 0
6693 0
6694 0
6695 2
6696 3
6697 0
6698 0
6699 0
6700 3
6701 2
6702 0
6703 0
6704 0
6705 4
6706 3
6707 0
6708 4
6709 0
6710 2
6711 4
6712 0
6713 0
6714 4
6715 3
6716 0
6717 0
6718 2
6719 3
6720 0
6721 2
6722 0
6723 0
6724 0
6725 2
6726 0
6727 0
6728 0
6729 2
6730 0
6731 0
6732 3
6733 2
6734 0
6735 0
6736 2
6737 0
6738 0
6739 3
6740 4
6741 0
6742 2
6743 2
6744 0
6745 2
6746 2
6747 3
6748 3
6749 2
6750 2
6751 3
6752 0
6753 3
6754 2
6755 3
6756 0
6757 2
6758 3
6759 0
6760 0
6761 3
6762 3
6763 4
6764 2
6765 0
6766 0
6767 4
6768 2
6769 4
6770 3
6771 3
6772 0
6773 2
6774 2
6775 3
6776 3
6777 1
6778 2
6779 2
6780 2
6781 4
6782 0
6783 0
6784 2
6785 4
6786 2
6787 0
6788 0
6789 4
6790 0
6791 3
6792 3
6793 3
6794 4
6795 0
6796 2
6797 2
6798 3
6799 0
6800 0
6801 3
6802 4
6803 3
6804 0
6805 2
6806 4
6807 2
6808 0
6809 0
6810 3
6811 0
6812 0
6813 3
6814 0
6815 1
6816 0
6817 4
6818 2
6819 0
6820 3
6821 2
6822 4
6823 4
6824 4
6825 0
6826 0
6827 2
6828 3
6829 2
6830 2
6831 3
6832 0
6833 2
6834 3
6835 4
6836 0
6837 0
6838 2
6839 2
6840 3
6841 3
6842 0
6843 4
6844 3
6845 2
6846 0
6847 3
6848 2
6849 2
6850 4
6851 2
6852 3
6853 4
6854 3
6855 0
6856 4
6857 0
6858 4
6859 4
6860 2
6861 3
6862 0
6863 0
6864 0
6865 0
6866 2
6867 2
6868 3
6869 2
6870 0
6871 4
6872 2
6873 2
6874 0
6875 0
6876 0
6877 3
6878 2
6879 3
6880 4
6881 3
6882 3
6883 0
6884 3
6885 3
6886 4
6887 3
6888 3
6889 0
6890 2
6891 3
6892 0
6893 3
6894 0
6895 3
6896 3
6897 0
6898 0
6899 4
6900 0
6901 3
6902 4
6903 0
6904 3
6905 3
6906 3
6907 3
6908 0
6909 2
6910 2
6911 0
6912 0
6913 4
6914 2
6915 4
6916 0
6917 0
6918 3
6919 2
6920 0
6921 1
6922 2
6923 4
6924 0
6925 2
6926 2
6927 2
6928 0
6929 2
6930 2
6931 4
6932 3
6933 3
6934 0
6935 2
6936 0
6937 3
6938 0
6939 0
6940 0
6941 3
6942 3
6943 0
6944 0
6945 0
6946 0
6947 2
6948 2
6949 3
6950 4
6951 3
6952 0
6953 2
6954 2
6955 2
6956 4
6957 2
6958 3
6959 0
6960 3
6961 2
6962 3
6963 3
6964 2
6965 0
6966 4
6967 0
6968 0
6969 0
6970 0
6971 2
6972 0
6973 4
6974 0
6975 3
6976 4
6977 0
6978 4
6979 0
6980 3
6981 4
6982 2
6983 0
6984 3
6985 2
6986 2
6987 2
6988 2
6989 4
6990 0
6991 3
6992 3
6993 3
6994 0
6995 2
6996 2
6997 0
6998 3
6999 2
7000 3
7001 1
7002 2
7003 0
7004 0
7005 3
7006 0
7007 0
7008 0
7009 0
7010 0
7011 2
7012 3
7013 2
7014 0
7015 4
7016 0
7017 4
7018 2
7019 0
7020 4
7021 4
7022 0
7023 0
7024 3
7025 2
7026 4
7027 3
7028 3
7029 0
7030 4
7031 4
7032 0
7033 0
7034 3
7035 2
7036 3
7037 2
7038 4
7039 2
7040 2
7041 0
7042 2
7043 2
7044 4
7045 2
7046 0
7047 2
7048 4
7049 3
7050 0
7051 2
7052 3
7053 2
7054 1
7055 0
7056 4
7057 0
7058 0
7059 3
7060 0
7061 2
7062 3
7063 3
7064 0
7065 2
7066 0
7067 3
7068 0
7069 2
7070 4
7071 3
7072 2
7073 3
7074 4
7075 3
7076 4
7077 2
7078 2
7079 2
7080 3
7081 2
7082 2
7083 3
7084 0
7085 0
7086 3
7087 2
7088 3
7089 0
7090 3
7091 0
7092 0
7093 2
7094 4
7095 4
7096 3
7097 1
7098 2
7099 3
7100 3
7101 3
7102 3
7103 0
7104 0
7105 4
7106 0
7107 3
7108 0
7109 2
7110 0
7111 3
7112 2
7113 2
7114 3
7115 3
7116 3
7117 3
7118 2
7119 0
7120 0
7121 4
7122 0
7123 0
7124 4
7125 4
7126 0
7127 3
7128 4
7129 4
7130 2
7131 3
7132 0
7133 0
7134 2
7135 3
7136 3
7137 0
7138 2
7139 2
7140 2
7141 2
7142 0
7143 0
7144 0
7145 2
7146 0
7147 0
7148 1
7149 3
7150 0
7151 3
7152 2
7153 2
7154 0
7155 0
7156 0
7157 0
7158 3
7159 3
7160 0
7161 2
7162 2
7163 2
7164 3
7165 0
7166 2
7167 2
7168 0
7169 2
7170 0
7171 0
7172 3
7173 3
7174 2
7175 0
7176 3
7177 3
7178 3
7179 0
7180 2
7181 0
7182 4
7183 2
7184 2
7185 0
7186 2
7187 2
7188 3
7189 4
7190 3
7191 3
7192 0
7193 3
7194 3
7195 4
7196 0
7197 4
7198 0
7199 2
7200 4
7201 0
7202 0
7203 3
7204 3
7205 0
7206 0
7207 2
7208 3
7209 0
7210 4
7211 2
7212 3
7213 4
7214 4
7215 2
7216 2
7217 0
7218 0
7219 0
7220 0
7221 0
7222 0
7223 4
7224 3
7225 4
7226 0
7227 3
7228 2
7229 0
7230 2
7231 4
7232 3
7233 3
7234 2
7235 4
7236 0
7237 4
7238 0
7239 2
7240 2
7241 0
7242 3
7243 2
7244 2
7245 0
7246 2
7247 3
7248 4
7249 0
7250 0
7251 2
7252 4
7253 2
7254 4
7255 3
7256 3
7257 0
7258 3
7259 0
7260 0
7261 3
7262 3
7263 3
7264 3
7265 4
7266 4
7267 0
7268 0
7269 3
7270 0
7271 3
7272 0
7273 2
7274 3
7275 2
7276 3
7277 2
7278 4
7279 4
7280 2
7281 3
7282 4
7283 0
7284 4
7285 0
7286 3
7287 3
7288 0
7289 2
7290 2
7291 2
7292 2
7293 2
7294 2
7295 2
7296 0
7297 0
7298 0
7299 2
7300 3
7301 4
7302 0
7303 0
7304 4
7305 2
7306 0
7307 3
7308 2
7309 3
7310 2
7311 3
7312 4
7313 3
7314 0
7315 4
7316 0
7317 3
7318 2
7319 0
7320 2
7321 2
7322 2
7323 0
7324 2
7325 0
7326 4
7327 0
7328 2
7329 4
7330 3
7331 0
7332 3
7333 0
7334 1
7335 2
7336 0
7337 3
7338 4
7339 2
7340 0
7341 0
7342 4
7343 3
7344 2
7345 3
7346 2
7347 0
7348 0
7349 3
7350 2
7351 0
7352 3
7353 3
7354 2
7355 4
7356 0
7357 3
7358 2
7359 0
7360 4
7361 0
7362 2
7363 0
7364 3
7365 2
7366 0
7367 4
7368 2
7369 1
7370 0
7371 4
7372 2
7373 0
7374 0
7375 0
7376 0
7377 3
7378 3
7379 4
7380 3
7381 3
7382 0
7383 4
7384 0
7385 0
7386 4
7387 4
7388 0
7389 2
7390 2
7391 3
7392 2
7393 2
7394 4
7395 4
7396 0
7397 3
7398 2
7399 0
7400 2
7401 0
7402 0
7403 2
7404 0
7405 3
7406 0
7407 0
7408 0
7409 3
7410 2
7411 0
7412 4
7413 2
7414 2
7415 0
7416 4
7417 4
7418 4
7419 3
7420 2
7421 2
7422 3
7423 0
7424 4
7425 0
7426 2
7427 0
7428 0
7429 4
7430 3
7431 4
7432 0
7433 3
7434 0
7435 4
7436 3
7437 3
7438 3
7439 3
7440 2
7441 2
7442 0
7443 3
7444 0
7445 2
7446 4
7447 4
7448 3
7449 0
7450 2
7451 0
7452 3
7453 0
7454 0
7455 0
7456 2
7457 0
7458 0
7459 0
7460 3
7461 0
7462 2
7463 0
7464 2
7465 0
7466 2
7467 2
7468 2
7469 0
7470 4
7471 2
7472 2
7473 0
7474 0
7475 0
7476 0
7477 3
7478 0
7479 4
7480 4
7481 3
7482 4
7483 3
7484 4
7485 0
7486 2
7487 0
7488 4
7489 0
7490 3
7491 0
7492 0
7493 0
7494 0
7495 3
7496 0
7497 0
7498 0
7499 0
7500 0
7501 0
7502 0
7503 0
7504 0
7505 2
7506 2
7507 4
7508 0
7509 3
7510 0
7511 3
7512 0
7513 3
7514 3
7515 0
7516 0
7517 4
7518 0
7519 4
7520 2
7521 2
7522 0
7523 3
7524 3
7525 1
7526 2
7527 0
7528 4
7529 3
7530 2
7531 4
7532 2
7533 3
7534 0
7535 0
7536 3
7537 3
7538 3
7539 2
7540 4
7541 3
7542 0
7543 3
7544 3
7545 0
7546 3
7547 2
7548 4
7549 2
7550 2
7551 2
7552 0
7553 3
7554 0
7555 2
7556 3
7557 4
7558 3
7559 4
7560 4
7561 1
7562 1
7563 1
7564 1
7565 4
7566 4
7567 1
7568 1
7569 1
7570 1
7571 4
7572 4
7573 4
7574 4
7575 1
7576 1
7577 1
7578 4
7579 0
7580 1
7581 4
7582 4
7583 1
7584 1
7585 4
7586 1
7587 1
7588 1
7589 1
7590 1
7591 1
7592 4
7593 1
7594 1
7595 1
7596 1
7597 1
7598 4
7599 1
7600 4
7601 1
7602 4
7603 1
7604 1
7605 1
7606 4
7607 1
7608 2
7609 1
7610 1
7611 4
7612 1
7613 1
7614 1
7615 1
7616 4
7617 1
7618 1
7619 1
7620 1
7621 4
7622 1
7623 1
7624 1
7625 1
7626 4
7627 4
7628 1
7629 4
7630 1
7631 4
7632 1
7633 4
7634 4
7635 1
7636 1
7637 4
7638 1
7639 1
7640 1
7641 4
7642 1
7643 4
7644 4
7645 1
7646 1
7647 1
7648 1
7649 4
7650 4
7651 4
7652 1
7653 4
7654 4
7655 1
7656 4
7657 4
7658 1
7659 1
7660 1
7661 4
7662 4
7663 4
7664 1
7665 4
7666 1
7667 4
7668 4
7669 1
7670 1
7671 1
7672 1
7673 1
7674 1
7675 1
7676 1
7677 1
7678 4
7679 4
7680 4
7681 1
7682 1
7683 1
7684 4
7685 4
7686 1
7687 4
7688 1
7689 1
7690 1
7691 4
7692 1
7693 4
7694 4
7695 1
7696 4
7697 4
7698 4
7699 1
7700 1
7701 1
7702 1
7703 4
7704 1
7705 1
7706 4
7707 4
7708 1
7709 4
7710 1
7711 1
7712 1
7713 1
7714 4
7715 1
7716 1
7717 1
7718 4
7719 1
7720 1
7721 1
7722 4
7723 4
7724 1
7725 4
7726 1
7727 1
7728 4
7729 1
7730 1
7731 1
7732 1
7733 4
7734 4
7735 1
7736 4
7737 1
7738 1
7739 1
7740 4
7741 4
7742 4
7743 1
7744 1
7745 1
7746 4
7747 4
7748 4
7749 1
7750 1
7751 4
7752 1
7753 1
7754 1
7755 1
7756 4
7757 4
7758 4
7759 1
7760 4
7761 1
7762 1
7763 4
7764 1
7765 1
7766 4
7767 1
7768 1
7769 4
7770 1
7771 1
7772 1
7773 1
7774 1
7775 4
7776 4
7777 4
7778 4
7779 1
7780 4
7781 1
7782 4
7783 1
7784 1
7785 1
7786 1
7787 1
7788 4
7789 4
7790 1
7791 1
7792 4
7793 4
7794 4
7795 1
7796 4
7797 1
7798 4
7799 1
7800 4
7801 4
7802 1
7803 1
7804 1
7805 1
7806 1
7807 0
7808 1
7809 1
7810 4
7811 1
7812 1
7813 4
7814 1
7815 1
7816 4
7817 1
7818 1
7819 4
7820 4
7821 4
7822 4
7823 4
7824 4
7825 1
7826 4
7827 4
7828 4
7829 1
7830 4
7831 1
7832 4
7833 1
7834 4
7835 1
7836 1
7837 1
7838 1
7839 1
7840 1
7841 1
7842 1
7843 4
7844 4
7845 4
7846 1
7847 4
7848 1
7849 4
7850 1
7851 1
7852 1
7853 4
7854 4
7855 4
7856 4
7857 4
7858 1
7859 4
7860 2
7861 1
7862 4
7863 4
7864 4
7865 4
7866 1
7867 1
7868 1
7869 1
7870 1
7871 4
7872 4
7873 1
7874 4
7875 1
7876 1
7877 4
7878 1
7879 1
7880 1
7881 1
7882 4
7883 1
7884 1
7885 1
7886 4
7887 4
7888 1
7889 1
7890 1
7891 1
7892 1
7893 1
7894 1
7895 1
7896 1
7897 4
7898 1
7899 1
7900 1
7901 1
7902 1
7903 1
7904 1
7905 0
7906 1
7907 4
7908 1
7909 1
7910 1
7911 4
7912 1
7913 1
7914 4
7915 1
7916 1
7917 1
7918 4
7919 4
7920 1
7921 1
7922 1
7923 4
7924 1
7925 1
7926 1
7927 1
7928 1
7929 1
7930 4
7931 1
7932 1
7933 4
7934 4
7935 4
7936 4
7937 1
7938 4
7939 1
7940 1
7941 1
7942 4
7943 1
7944 1
7945 1
7946 1
7947 1
7948 1
7949 1
7950 4
7951 4
7952 4
7953 1
7954 1
7955 1
7956 4
7957 1
7958 1
7959 4
7960 4
7961 1
7962 4
7963 1
7964 1
7965 1
7966 1
7967 1
7968 4
7969 1
7970 4
7971 1
7972 4
7973 4
7974 1
7975 1
7976 1
7977 4
7978 4
7979 4
7980 1
7981 1
7982 4
7983 3
7984 1
7985 1
7986 4
7987 1
7988 4
7989 1
7990 1
7991 1
7992 4
7993 1
7994 4
7995 1
7996 1
7997 2
7998 4
7999 1
8000 1
8001 1
8002 1
8003 2
8004 1
8005 4
8006 1
8007 1
8008 1
8009 1
8010 1
8011 4
8012 1
8013 1
8014 1
8015 4
8016 1
8017 4
8018 1
8019 4
8020 1
8021 4
8022 4
8023 4
8024 1
8025 1
8026 1
8027 1
8028 1
8029 1
8030 1
8031 4
8032 4
8033 1
8034 1
8035 1
8036 1
8037 1
8038 1
8039 1
8040 4
8041 1
8042 4
8043 1
8044 4
8045 1
8046 4
8047 4
8048 1
8049 4
8050 1
8051 1
8052 1
8053 1
8054 1
8055 4
8056 4
8057 1
8058 0
8059 4
8060 1
8061 1
8062 1
8063 3
8064 4
8065 1
8066 1
8067 1
8068 1
8069 1
8070 1
8071 4
8072 4
8073 1
8074 1
8075 1
8076 1
8077 3
8078 1
8079 1
8080 4
8081 1
8082 4
8083 1
8084 4
8085 4
8086 1
8087 1
8088 1
8089 1
8090 4
8091 1
8092 4
8093 4
8094 1
8095 1
8096 1
8097 1
8098 4
8099 1
8100 1
8101 1
8102 1
8103 4
8104 1
8105 1
8106 1
8107 4
8108 1
8109 1
8110 1
8111 4
8112 1
8113 1
8114 1
8115 1
8116 4
8117 1
8118 1
8119 1
8120 4
8121 1
8122 1
8123 4
8124 1
8125 4
8126 1
8127 3
8128 1
8129 1
8130 1
8131 1
8132 1
8133 1
8134 4
8135 1
8136 1
8137 1
8138 1
8139 1
8140 3
8141 1
8142 1
8143 4
8144 1
8145 4
8146 4
8147 4
8148 1
8149 4
8150 4
8151 1
8152 4
8153 4
8154 4
8155 4
8156 1
8157 1
8158 1
8159 4
8160 1
8161 4
8162 3
8163 1
8164 1
8165 1
8166 4
8167 1
8168 1
8169 1
8170 4
8171 1
8172 4
8173 1
8174 1
8175 1
8176 4
8177 4
8178 4
8179 1
8180 4
8181 4
8182 4
8183 4
8184 1
8185 1
8186 1
8187 1
8188 1
8189 4
8190 4
8191 1
8192 1
8193 1
8194 4
8195 1
8196 1
8197 1
8198 1
8199 1
8200 4
8201 1
8202 1
8203 1
8204 1
8205 1
8206 4
8207 1
8208 4
8209 4
8210 1
8211 1
8212 1
8213 3
8214 1
8215 1
8216 4
8217 1
8218 4
8219 1
8220 4
8221 4
8222 1
8223 4
8224 1
8225 1
8226 1
8227 1
8228 1
8229 4
8230 1
8231 1
8232 1
8233 1
8234 2
8235 1
8236 4
8237 1
8238 1
8239 1
8240 1
8241 4
8242 4
8243 1
8244 4
8245 1
8246 1
8247 1
8248 1
8249 4
8250 1
8251 1
8252 4
8253 1
8254 4
8255 4
8256 4
8257 4
8258 1
8259 4
8260 1
8261 4
8262 4
8263 1
8264 4
8265 4
8266 1
8267 4
8268 1
8269 1
8270 1
8271 1
8272 4
8273 1
8274 4
8275 1
8276 1
8277 1
8278 4
8279 1
8280 4
8281 1
8282 1
8283 1
8284 2
8285 1
8286 1
8287 1
8288 1
8289 4
8290 4
8291 1
8292 1
8293 1
8294 1
8295 1
8296 1
8297 1
8298 1
8299 1
8300 4
8301 4
8302 1
8303 1
8304 1
8305 1
8306 1
8307 1
8308 4
8309 1
8310 4
8311 1
8312 4
8313 1
8314 4
8315 4
8316 4
8317 1
8318 1
8319 1
8320 4
8321 1
8322 1
8323 1
8324 1
8325 4
8326 4
8327 4
8328 1
8329 1
8330 1
8331 4
8332 1
8333 4
8334 1
8335 1
8336 1
8337 1
8338 4
8339 4
8340 4
8341 1
8342 4
8343 1
8344 1
8345 1
8346 4
8347 1
8348 1
8349 4
8350 4
8351 4
8352 1
8353 1
8354 4
8355 1
8356 1
8357 1
8358 4
8359 1
8360 1
8361 4
8362 1
8363 4
8364 1
8365 4
8366 4
8367 4
8368 4
8369 1
8370 1
8371 1
8372 1
8373 1
8374 1
8375 4
8376 4
8377 4
8378 1
8379 4
8380 1
8381 1
8382 4
8383 1
8384 4
8385 1
8386 4
8387 1
8388 4
8389 1
8390 1
8391 1
8392 1
8393 1
8394 1
8395 1
8396 2
8397 2
8398 3
8399 4
8400 3
8401 3
8402 0
8403 0
8404 0
8405 2
8406 2
8407 0
8408 0
8409 2
8410 3
8411 0
8412 3
8413 0
8414 1
8415 4
8416 0
8417 2
8418 3
8419 0
8420 3
8421 3
8422 0
8423 2
8424 2
8425 2
8426 0
8427 3
8428 2
8429 3
8430 4
8431 3
8432 0
8433 0
8434 0
8435 3
8436 3
8437 2
8438 0
8439 2
8440 0
8441 0
8442 3
8443 0
8444 2
8445 0
8446 2
8447 0
8448 0
8449 0
8450 0
8451 0
8452 0
8453 2
8454 0
8455 2
8456 4
8457 0
8458 2
8459 3
8460 2
8461 2
8462 3
8463 3
8464 2
8465 3
8466 2
8467 0
8468 3
8469 3
8470 0
8471 0
8472 0
8473 2
8474 2
8475 2
8476 2
8477 3
8478 1
8479 3
8480 3
8481 0
8482 0
8483 4
8484 2
8485 3
8486 2
8487 0
8488 3
8489 4
8490 2
8491 4
8492 3
8493 3
8494 2
8495 0
8496 0
8497 0
8498 4
8499 4
8500 2
8501 2
8502 0
8503 2
8504 0
8505 2
8506 4
8507 3
8508 3
8509 0
8510 4
8511 0
8512 0
8513 2
8514 0
8515 3
8516 0
8517 0
8518 3
8519 0
8520 4
8521 2
8522 0
8523 2
8524 2
8525 0
8526 0
8527 0
8528 4
8529 0
8530 4
8531 0
8532 2
8533 0
8534 3
8535 0
8536 3
8537 3
8538 0
8539 2
8540 0
8541 3
8542 3
8543 3
8544 0
8545 4
8546 3
8547 4
8548 3
8549 0
8550 0
8551 0
8552 4
8553 0
8554 3
8555 0
8556 0
8557 0
8558 2
8559 4
8560 0
8561 0
8562 0
8563 0
8564 4
8565 3
8566 2
8567 3
8568 0
8569 3
8570 0
8571 4
8572 2
8573 0
8574 0
8575 0
8576 4
8577 3
8578 2
8579 2
8580 2
8581 0
8582 2
8583 3
8584 0
8585 2
8586 2
8587 3
8588 2
8589 0
8590 4
8591 3
8592 2
8593 0
8594 0
8595 0
8596 4
8597 0
8598 3
8599 2
8600 0
8601 2
8602 2
8603 2
8604 3
8605 0
8606 0
8607 3
8608 4
8609 2
8610 0
8611 2
8612 2
8613 2
8614 2
8615 0
8616 3
8617 3
8618 0
8619 2
8620 0
8621 2
8622 0
8623 3
8624 4
8625 0
8626 0
8627 0
8628 0
8629 0
8630 2
8631 0
8632 0
8633 0
8634 0
8635 0
8636 2
8637 1
8638 0
8639 0
8640 0
8641 2
8642 0
8643 0
8644 3
8645 2
8646 4
8647 2
8648 2
8649 2
8650 0
8651 2
8652 2
8653 2
8654 2
8655 0
8656 3
8657 3
8658 3
8659 2
8660 3
8661 1
8662 3
8663 3
8664 3
8665 3
8666 2
8667 2
8668 3
8669 2
8670 0
8671 0
8672 0
8673 3
8674 0
8675 4
8676 2
8677 0
8678 2
8679 2
8680 2
8681 0
8682 0
8683 2
8684 4
8685 0
8686 4
8687 3
8688 0
8689 2
8690 2
8691 0
8692 0
8693 3
8694 2
8695 2
8696 1
8697 3
8698 2
8699 0
8700 0
8701 3
8702 0
8703 3
8704 0
8705 0
8706 2
8707 0
8708 0
8709 2
8710 2
8711 0
8712 0
8713 3
8714 3
8715 2
8716 2
8717 2
8718 0
8719 0
8720 2
8721 2
8722 0
8723 0
8724 0
8725 0
8726 0
8727 3
8728 0
8729 0
8730 3
8731 0
8732 2
8733 3
8734 4
8735 2
8736 0
8737 2
8738 2
8739 4
8740 2
8741 2
8742 3
8743 3
8744 3
8745 0
8746 0
8747 0
8748 4
8749 2
8750 3
8751 0
8752 3
8753 4
8754 0
8755 0
8756 0
8757 0
8758 0
8759 0
8760 2
8761 2
8762 2
8763 2
8764 0
8765 4
8766 0
8767 0
8768 3
8769 3
8770 2
8771 2
8772 0
8773 0
8774 0
8775 2
8776 0
8777 2
8778 2
8779 0
8780 0
8781 0
8782 4
8783 3
8784 2
8785 0
8786 3
8787 0
8788 2
8789 0
8790 4
8791 2
8792 3
8793 3
8794 0
8795 2
8796 4
8797 0
8798 2
8799 0
8800 2
8801 0
8802 3
8803 3
8804 3
8805 0
8806 2
8807 0
8808 0
8809 4
8810 3
8811 4
8812 3
8813 4
8814 2
8815 2
8816 3
8817 3
8818 4
8819 0
8820 0
8821 2
8822 0
8823 3
8824 0
8825 2
8826 3
8827 0
8828 0
8829 2
8830 0
8831 2
8832 0
8833 2
8834 0
8835 0
8836 3
8837 2
8838 0
8839 0
8840 2
8841 3
8842 4
8843 0
8844 0
8845 1
8846 4
8847 3
8848 2
8849 4
8850 3
8851 0
8852 0
8853 0
8854 0
8855 3
8856 2
8857 2
8858 0
8859 0
8860 0
8861 2
8862 0
8863 2
8864 3
8865 3
8866 0
8867 3
8868 0
8869 3
8870 0
8871 2
8872 4
8873 2
8874 2
8875 2
8876 2
8877 2
8878 0
8879 0
8880 0
8881 4
8882 2
8883 0
8884 0
8885 0
8886 0
8887 2
8888 0
8889 2
8890 2
8891 2
8892 0
8893 3
8894 2
8895 4
8896 3
8897 2
8898 2
8899 2
8900 0
8901 2
8902 2
8903 0
8904 4
8905 3
8906 1
8907 1
8908 3
8909 2
8910 0
8911 0
8912 0
8913 2
8914 4
8915 3
8916 3
8917 3
8918 3
8919 2
8920 0
8921 0
8922 4
8923 0
8924 4
8925 2
8926 2
8927 2
8928 2
8929 0
8930 0
8931 2
8932 3
8933 0
8934 3
8935 2
8936 0
8937 2
8938 0
8939 4
8940 0
8941 2
8942 3
8943 0
8944 3
8945 0
8946 3
8947 2
8948 3
8949 4
8950 2
8951 0
8952 2
8953 2
8954 3
8955 0
8956 2
8957 0
8958 0
8959 0
8960 3
8961 0
8962 2
8963 2
8964 0
8965 0
8966 2
8967 2
8968 2
8969 0
8970 0
8971 0
8972 4
8973 3
8974 4
8975 0
8976 2
8977 0
8978 3
8979 0
8980 2
8981 0
8982 2
8983 4
8984 0
8985 4
8986 2
8987 3
8988 2
8989 4
8990 2
8991 0
8992 3
8993 2
8994 4
8995 3
8996 3
8997 0
8998 2
8999 3
9000 2
9001 0
9002 1
9003 4
9004 4
9005 0
9006 4
9007 3
9008 2
9009 0
9010 0
9011 3
9012 0
9013 0
9014 2
9015 0
9016 0
9017 3
9018 2
9019 0
9020 2
9021 3
9022 2
9023 0
9024 2
9025 3
9026 2
9027 2
9028 0
9029 2
9030 4
9031 4
9032 2
9033 0
9034 3
9035 4
9036 0
9037 2
9038 2
9039 2
9040 4
9041 4
9042 3
9043 2
9044 3
9045 2
9046 4
9047 0
9048 3
9049 0
9050 2
9051 3
9052 2
9053 2
9054 2
9055 0
9056 2
9057 2
9058 0
9059 4
9060 0
9061 3
9062 2
9063 0
9064 2
9065 2
9066 0
9067 4
9068 3
9069 0
9070 0
9071 2
9072 2
9073 0
9074 2
9075 3
9076 3
9077 0
9078 2
9079 3
9080 2
9081 0
9082 0
9083 0
9084 0
9085 3
9086 3
9087 0
9088 0
9089 1
9090 3
9091 2
9092 2
9093 3
9094 4
9095 3
9096 0
9097 2
9098 3
9099 0
9100 2
9101 3
9102 0
9103 3
9104 0
9105 2
9106 2
9107 2
9108 3
9109 4
9110 0
9111 3
9112 2
9113 3
9114 0
9115 2
9116 3
9117 0
9118 0
9119 0
9120 2
9121 2
9122 0
9123 0
9124 2
9125 0
9126 0
9127 0
9128 0
9129 2
9130 2
9131 0
9132 2
9133 2
9134 2
9135 0
9136 2
9137 0
9138 3
9139 0
9140 0
9141 2
9142 0
9143 2
9144 2
9145 3
9146 2
9147 4
9148 0
9149 0
9150 2
9151 2
9152 0
9153 0
9154 0
9155 0
9156 0
9157 0
9158 0
9159 2
9160 0
9161 0
9162 0
9163 0
9164 3
9165 2
9166 3
9167 0
9168 3
9169 0
9170 0
9171 2
9172 0
9173 2
9174 0
9175 2
9176 3
9177 0
9178 4
9179 0
9180 0
9181 2
9182 3
9183 0
9184 2
9185 2
9186 4
9187 0
9188 0
9189 3
9190 3
9191 3
9192 2
9193 0
9194 2
9195 0
9196 0
9197 0
9198 0
9199 2
9200 2
9201 0
9202 0
9203 3
9204 2
9205 1
9206 2
9207 2
9208 0
9209 0
9210 0
9211 0
9212 0
9213 2
9214 0
9215 3
9216 1
9217 0
9218 0
9219 2
9220 2
9221 0
9222 3
9223 0
9224 0
9225 3
9226 4
9227 2
9228 2
9229 0
9230 0
9231 0
9232 2
9233 2
9234 4
9235 3
9236 2
9237 0
9238 0
9239 0
9240 2
9241 3
9242 2
9243 2
9244 2
9245 4
9246 3
9247 0
9248 3
9249 2
9250 0
9251 0
9252 0
9253 0
9254 2
9255 4
9256 2
9257 4
9258 4
9259 3
9260 0
9261 2
9262 0
9263 0
9264 3
9265 3
9266 2
9267 3
9268 2
9269 3
9270 4
9271 0
9272 3
9273 3
9274 3
9275 0
9276 2
9277 2
9278 4
9279 4
9280 4
9281 0
9282 2
9283 3
9284 2
9285 2
9286 0
9287 2
9288 0
9289 0
9290 0
9291 2
9292 0
9293 2
9294 4
9295 3
9296 3
9297 0
9298 3
9299 0
9300 2
9301 0
9302 2
9303 0
9304 0
9305 3
9306 0
9307 0
9308 0
9309 4
9310 2
9311 2
9312 0
9313 2
9314 3
9315 0
9316 0
9317 0
9318 0
9319 2
9320 0
9321 2
9322 0
9323 3
9324 0
9325 4
9326 2
9327 2
9328 2
9329 0
9330 2
9331 0
9332 0
9333 2
9334 2
9335 2
9336 1
9337 3
9338 2
9339 3
9340 4
9341 2
9342 0
9343 0
9344 3
9345 3
9346 3
9347 2
9348 2
9349 3
9350 4
9351 2
9352 2
9353 3
9354 2
9355 2
9356 2
9357 0
9358 2
9359 2
9360 1
9361 0
9362 0
9363 0
9364 2
9365 3
9366 0
9367 0
9368 2
9369 2
9370 0
9371 0
9372 3
9373 3
9374 2
9375 3
9376 2
9377 4
9378 0
9379 0
9380 2
9381 4
9382 0
9383 0
9384 3
9385 0
9386 1
9387 2
9388 0
9389 0
9390 0
9391 0
9392 3
9393 2
9394 2
9395 0
9396 0
9397 3
9398 2
9399 0
9400 0
9401 3
9402 4
9403 2
9404 0
9405 0
9406 0
9407 2
9408 0
9409 3
9410 4
9411 2
9412 3
9413 4
9414 2
9415 2
9416 2
9417 4
9418 3
9419 3
9420 3
9421 0
9422 2
9423 4
9424 3
9425 0
9426 4
9427 0
9428 0
9429 4
9430 0
9431 2
9432 4
9433 2
9434 4
9435 0
9436 4
9437 0
9438 2
9439 3
9440 3
9441 2
9442 0
9443 0
9444 2
9445 2
9446 0
9447 0
9448 4
9449 4
9450 0
9451 0
9452 4
9453 4
9454 2
9455 2
9456 2
9457 3
9458 0
9459 3
9460 0
9461 0
9462 2
9463 2
9464 4
9465 2
9466 2
9467 0
9468 2
9469 0
9470 2
9471 3
9472 2
9473 4
9474 0
9475 0
9476 2
9477 0
9478 2
9479 0
9480 3
9481 3
9482 3
9483 3
9484 0
9485 3
9486 3
9487 0
9488 3
9489 2
9490 3
9491 0
9492 3
9493 1
9494 0
9495 2
9496 3
9497 3
9498 0
9499 2
9500 0
9501 0
9502 3
9503 0
9504 2
9505 2
9506 3
9507 0
9508 4
9509 2
9510 2
9511 0
9512 3
9513 0
9514 4
9515 0
9516 0
9517 4
9518 2
9519 0
9520 0
9521 0
9522 2
9523 0
9524 3
9525 2
9526 2
9527 3
9528 0
9529 3
9530 2
9531 0
9532 3
9533 0
9534 2
9535 2
9536 0
9537 2
9538 2
9539 4
9540 2
9541 4
9542 0
9543 0
9544 2
9545 3
9546 4
9547 3
9548 3
9549 0
9550 4
9551 0
9552 0
9553 4
9554 4
9555 0
9556 3
9557 4
9558 4
9559 3
9560 0
9561 0
9562 2
9563 0
9564 0
9565 2
9566 2
9567 2
9568 0
9569 2
9570 3
9571 4
9572 0
9573 2
9574 4
9575 2
9576 0
9577 2
9578 2
9579 0
9580 0
9581 3
9582 3
9583 2
9584 0
9585 2
9586 4
9587 0
9588 2
9589 0
9590 0
9591 0
9592 0
9593 0
9594 0
9595 3
9596 3
9597 2
9598 3
9599 0
9600 0
9601 0
9602 0
9603 0
9604 0
9605 4
9606 2
9607 0
9608 4
9609 2
9610 3
9611 0
9612 0
9613 0
9614 0
9615 2
9616 3
9617 0
9618 2
9619 2
9620 3
9621 0
9622 0
9623 2
9624 0
9625 0
9626 3
9627 0
9628 0
9629 3
9630 2
9631 2
9632 2
9633 2
9634 0
9635 2
9636 3
9637 3
9638 2
9639 0
9640 4
9641 2
9642 0
9643 0
9644 3
9645 3
9646 2
9647 2
9648 3
9649 0
9650 2
9651 2
9652 0
9653 2
9654 4
9655 4
9656 0
9657 0
9658 2
9659 2
9660 3
9661 2
9662 2
9663 0
9664 0
9665 0
9666 0
9667 4
9668 2
9669 0
9670 2
9671 2
9672 0
9673 2
9674 3
9675 4
9676 0
9677 4
9678 2
9679 3
9680 4
9681 2
9682 2
9683 3
9684 3
9685 3
9686 3
9687 4
9688 0
9689 2
9690 0
9691 3
9692 3
9693 4
9694 2
9695 0
9696 2
9697 0
9698 0
9699 0
9700 0
9701 2
9702 4
9703 0
9704 2
9705 2
9706 3
9707 2
9708 2
9709 0
9710 2
9711 4
9712 3
9713 4
9714 3
9715 2
9716 2
9717 2
9718 0
9719 0
9720 0
9721 0
9722 2
9723 3
9724 0
9725 2
9726 3
9727 0
9728 0
9729 2
9730 0
9731 4
9732 2
9733 0
9734 0
9735 0
9736 3
9737 3
9738 2
9739 3
9740 4
9741 3
9742 0
9743 2
9744 2
9745 0
9746 0
9747 0
9748 0
9749 0
9750 0
9751 3
9752 0
9753 0
9754 3
9755 4
9756 2
9757 0
9758 0
9759 0
9760 0
9761 0
9762 0
9763 4
9764 4
9765 3
9766 0
9767 4
9768 0
9769 0
9770 2
9771 0
9772 2
9773 2
9774 2
9775 4
9776 3
9777 0
9778 2
9779 0
9780 0
9781 1
9782 0
9783 4
9784 0
9785 2
9786 0
9787 3
9788 2
9789 2
9790 3
9791 2
9792 2
9793 0
9794 0
9795 0
9796 2
9797 0
9798 0
9799 3
9800 2
9801 2
9802 2
9803 0
9804 3
9805 2
9806 0
9807 0
9808 0
9809 0
9810 2
9811 3
9812 2
9813 2
9814 2
9815 0
9816 0
9817 2
9818 3
9819 4
9820 2
9821 0
9822 2
9823 0
9824 4
9825 2
9826 3
9827 4
9828 2
9829 0
9830 0
9831 4
9832 3
9833 0
9834 0
9835 0
9836 2
9837 0
9838 3
9839 3
9840 0
9841 2
9842 0
9843 2
9844 2
9845 0
9846 3
9847 0
9848 2
9849 0
9850 2
9851 3
9852 3
9853 2
9854 0
9855 2
9856 0
9857 0
9858 0
9859 0
9860 0
9861 0
9862 3
9863 2
9864 0
9865 2
9866 2
9867 0
9868 0
9869 0
9870 2
9871 0
9872 3
9873 3
9874 0
9875 2
9876 3
9877 2
9878 0
9879 3
9880 3
9881 0
9882 0
9883 2
9884 0
9885 0
9886 2
9887 2
9888 0
9889 0
9890 0
9891 3
9892 0
9893 0
9894 4
9895 0
9896 4
9897 2
9898 3
9899 2
9900 0
9901 2
9902 2
9903 4
9904 2
9905 2
9906 0
9907 2
9908 2
9909 0
9910 3
9911 0
9912 0
9913 2
9914 0
9915 2
9916 0
9917 2
9918 0
9919 2
9920 3
9921 2
9922 2
9923 4
9924 0
9925 2
9926 0
9927 1
9928 4
9929 4
9930 4
9931 1
9932 1
9933 4
9934 1
9935 4
9936 1
9937 1
9938 4
9939 4
9940 4
9941 4
9942 1
9943 1
9944 1
9945 4
9946 4
9947 4
9948 1
9949 4
9950 1
9951 4
9952 4
9953 4
9954 4
9955 4
9956 1
9957 1
9958 4
9959 1
9960 0
9961 1
9962 1
9963 4
9964 2
9965 1
9966 1
9967 4
9968 1
9969 4
9970 1
9971 4
9972 4
9973 1
9974 1
9975 1
9976 1
9977 4
9978 4
9979 4
9980 1
9981 1
9982 1
9983 1
9984 4
9985 4
9986 1
9987 1
9988 1
9989 4
9990 1
9991 1
9992 4
9993 1
9994 4
9995 4
9996 4
9997 1
9998 1
9999 4
10000 4
10001 1
10002 4
10003 4
10004 4
10005 2
10006 1
10007 1
10008 4
10009 2
10010 2
10011 4
10012 4
10013 1
10014 1
10015 4
10016 4
10017 4
10018 1
10019 1
10020 1
10021 4
10022 4
10023 1
10024 4
10025 1
10026 1
10027 1
10028 4
10029 1
10030 4
10031 1
10032 1
10033 1
10034 1
10035 1
10036 4
10037 4
10038 4
10039 1
10040 1
10041 4
10042 4
10043 1
10044 1
10045 1
10046 1
10047 2
10048 4
10049 1
10050 4
10051 1
10052 1
10053 4
10054 4
10055 1
10056 2
10057 1
10058 4
10059 4
10060 1
10061 4
10062 1
10063 1
10064 4
10065 4
10066 1
10067 1
10068 1
10069 1
10070 4
10071 4
10072 1
10073 1
10074 1
10075 4
10076 1
10077 1
10078 1
10079 1
10080 4
10081 4
10082 1
10083 1
10084 1
10085 4
10086 1
10087 4
10088 4
10089 1
10090 4
10091 4
10092 1
10093 4
10094 4
10095 1
10096 1
10097 1
10098 1
10099 1
10100 4
10101 1
10102 1
10103 1
10104 4
10105 1
10106 4
10107 1
10108 1
10109 4
10110 1
10111 4
10112 1
10113 1
10114 1
10115 4
10116 1
10117 1
10118 4
10119 1
10120 4
10121 4
10122 4
10123 1
10124 1
10125 4
10126 1
10127 4
10128 1
10129 1
10130 4
10131 1
10132 1
10133 1
10134 1
10135 2
10136 1
10137 1
10138 1
10139 1
10140 1
10141 1
10142 1
10143 1
10144 1
10145 1
10146 1
10147 4
10148 1
10149 1
10150 1
10151 1
10152 4
10153 1
10154 1
10155 1
10156 1
10157 1
10158 4
10159 1
10160 4
10161 3
10162 3
10163 3
10164 1
10165 1
10166 4
10167 4
10168 1
10169 1
10170 1
10171 1
10172 1
10173 4
10174 1
10175 1
10176 2
10177 1
10178 4
10179 1
10180 1
10181 4
10182 1
10183 4
10184 1
10185 4
10186 4
10187 4
10188 4
10189 1
10190 1
10191 1
10192 4
10193 1
10194 4
10195 1
10196 1
10197 1
10198 1
10199 1
10200 1
10201 1
10202 1
10203 1
10204 1
10205 4
10206 4
10207 1
10208 4
10209 4
10210 1
10211 4
10212 1
10213 1
10214 4
10215 4
10216 4
10217 1
10218 1
10219 1
10220 1
10221 1
10222 4
10223 4
10224 1
10225 4
10226 1
10227 4
10228 1
10229 4
10230 4
10231 1
10232 4
10233 4
10234 1
10235 4
10236 1
10237 1
10238 4
10239 1
10240 1
10241 4
10242 1
10243 1
10244 4
10245 1
10246 1
10247 1
10248 4
10249 1
10250 1
10251 1
10252 4
10253 1
10254 1
10255 1
10256 4
10257 1
10258 4
10259 1
10260 1
10261 4
10262 1
10263 1
10264 4
10265 1
10266 1
10267 4
10268 4
10269 4
10270 1
10271 1
10272 4
10273 1
10274 4
10275 4
10276 1
10277 4
10278 1
10279 1
10280 1
10281 2
10282 1
10283 1
10284 4
10285 1
10286 1
10287 4
10288 1
10289 4
10290 1
10291 1
10292 4
10293 1
10294 1
10295 4
10296 4
10297 4
10298 4
10299 1
10300 4
10301 1
10302 4
10303 1
10304 1
10305 4
10306 1
10307 1
10308 1
10309 1
10310 1
10311 4
10312 4
10313 4
10314 4
10315 1
10316 1
10317 1
10318 4
10319 1
10320 1
10321 1
10322 4
10323 1
10324 4
10325 1
10326 1
10327 4
10328 1
10329 4
10330 2
10331 1
10332 2
10333 1
10334 1
10335 1
10336 4
10337 1
10338 1
10339 1
10340 1
10341 1
10342 4
10343 4
10344 4
10345 1
10346 1
10347 3
10348 4
10349 1
10350 1
10351 2
10352 1
10353 2
10354 1
10355 1
10356 1
10357 4
10358 1
10359 1
10360 1
10361 1
10362 4
10363 1
10364 4
10365 1
10366 1
10367 4
10368 1
10369 1
10370 1
10371 4
10372 1
10373 4
10374 1
10375 1
10376 1
10377 4
10378 2
10379 4
10380 1
10381 1
10382 1
10383 1
10384 1
10385 1
10386 1
10387 1
10388 1
10389 4
10390 1
10391 1
10392 1
10393 1
10394 1
10395 4
10396 1
10397 2
10398 1
10399 4
10400 4
10401 1
10402 1
10403 4
10404 1
10405 4
10406 1
10407 1
10408 1
10409 2
10410 4
10411 1
10412 3
10413 1
10414 4
10415 4
10416 1
10417 1
10418 1
10419 4
10420 1
10421 4
10422 2
10423 1
10424 1
10425 1
10426 4
10427 4
10428 4
10429 4
10430 1
10431 1
10432 4
10433 1
10434 1
10435 4
10436 1
10437 1
10438 1
10439 1
10440 1
10441 1
10442 1
10443 1
10444 1
10445 1
10446 1
10447 1
10448 2
10449 1
10450 1
10451 1
10452 1
10453 1
10454 1
10455 1
10456 4
10457 1
10458 1
10459 1
10460 1
10461 1
10462 4
10463 1
10464 1
10465 1
10466 4
10467 1
10468 4
10469 4
10470 1
10471 1
10472 1
10473 1
10474 4
10475 1
10476 1
10477 1
10478 1
10479 1
10480 1
10481 1
10482 1
10483 1
10484 1
10485 4
10486 1
10487 4
10488 2
10489 4
10490 1
10491 4
10492 4
10493 1
10494 1
10495 1
10496 1
10497 1
10498 1
10499 1
10500 1
10501 1
10502 1
10503 4
10504 1
10505 1
10506 1
10507 4
10508 1
10509 1
10510 1
10511 4
10512 1
10513 1
10514 4
10515 4
10516 4
10517 1
10518 1
10519 1
10520 1
10521 4
10522 4
10523 1
10524 4
10525 1
10526 1
10527 1
10528 1
10529 4
10530 4
10531 1
10532 4
10533 4
10534 1
10535 4
10536 4
10537 1
10538 4
10539 1
10540 1
10541 1
10542 1
10543 1
10544 1
10545 4
10546 4
10547 1
10548 1
10549 1
10550 1
10551 1
10552 4
10553 1
10554 1
10555 1
10556 1
10557 1
10558 1
10559 1
10560 4
10561 1
10562 1
10563 1
10564 1
10565 1
10566 1
10567 1
10568 1
10569 1
10570 4
10571 4
10572 1
10573 1
10574 1
10575 1
10576 1
10577 1
10578 1
10579 1
10580 1
10581 1
10582 1
10583 4
10584 0
10585 1
10586 4
10587 4
10588 1
10589 4
10590 1
10591 4
10592 1
10593 1
10594 4
10595 1
10596 4
10597 1
10598 4
10599 4
10600 1
10601 4
10602 3
10603 4
10604 1
10605 1
10606 3
10607 1
10608 4
10609 2
10610 1
10611 4
10612 1
10613 0
10614 1
10615 4
10616 2
10617 1
10618 1
10619 1
10620 1
10621 4
10622 1
10623 4
10624 2
10625 1
10626 1
10627 1
10628 3
10629 1
10630 3
10631 1
10632 1
10633 1
10634 1
10635 1
10636 1
10637 1
10638 1
10639 4
10640 4
10641 1
10642 1
10643 1
10644 4
10645 1
10646 1
10647 1
10648 4
10649 1
10650 2
10651 4
10652 0
10653 4
10654 1
10655 4
10656 3
10657 4
10658 3
10659 3
10660 1
10661 3
10662 1
10663 3
10664 4
10665 3
10666 3
10667 4
10668 1
10669 3
phi=8.445173383317712
