# ca-GrQc 4158 13428 2
0 1
1 0
2 1
3 1
4 1
5 0
6 0
7 1
8 0
9 1
10 0
11 1
12 0
13 0
14 1
15 1
16 1
17 1
18 0
19 1
20 0
21 1
22 1
23 1
24 0
25 1
26 0
27 1
28 0
29 1
30 1
31 1
32 0
33 0
34 0
35 0
36 0
37 0
38 0
39 0
40 1
41 1
42 1
43 0
44 1
45 1
46 0
47 1
48 1
49 0
50 1
51 1
52 1
53 0
54 1
55 0
56 0
57 0
58 0
59 1
60 1
61 1
62 0
63 1
64 0
65 1
66 0
67 1
68 0
69 1
70 1
71 0
72 0
73 0
74 1
75 0
76 1
77 1
78 0
79 1
80 0
81 0
82 1
83 0
84 0
85 0
86 0
87 1
88 1
89 0
90 0
91 1
92 1
93 1
94 0
95 1
96 0
97 1
98 1
99 1
100 1
101 1
102 0
103 1
104 0
105 1
106 1
107 0
108 0
109 0
110 0
111 0
112 1
113 1
114 0
115 1
116 0
117 0
118 1
119 0
120 0
121 1
122 0
123 1
124 1
125 1
126 0
127 0
128 1
129 0
130 0
131 1
132 1
133 0
134 1
135 1
136 0
137 0
138 0
139 0
140 0
141 1
142 1
143 0
144 1
145 1
146 1
147 0
148 0
149 0
150 0
151 1
152 1
153 1
154 0
155 0
156 1
157 0
158 1
159 1
160 1
161 0
162 0
163 0
164 1
165 1
166 0
167 0
168 1
169 1
170 0
171 1
172 1
173 1
174 1
175 0
176 0
177 0
178 1
179 1
180 0
181 1
182 0
183 1
184 1
185 1
186 0
187 1
188 0
189 0
190 0
191 0
192 0
193 0
194 0
195 0
196 0
197 0
198 0
199 1
200 0
201 0
202 0
203 1
204 1
205 0
206 0
207 1
208 1
209 0
210 0
211 1
212 0
213 0
214 1
215 0
216 0
217 1
218 0
219 0
220 1
221 0
222 1
223 0
224 0
225 0
226 0
227 0
228 0
229 1
230 1
231 0
232 0
233 1
234 1
235 1
236 0
237 1
238 1
239 1
240 0
241 0
242 0
243 0
244 0
245 0
246 1
247 0
248 0
249 1
250 0
251 1
252 0
253 1
254 0
255 0
256 0
257 1
258 0
259 0
260 0
261 0
262 0
263 0
264 0
265 0
266 1
267 0
268 0
269 1
270 1
271 1
272 0
273 0
274 0
275 1
276 0
277 0
278 1
279 1
280 1
281 1
282 1
283 1
284 0
285 1
286 1
287 1
288 0
289 1
290 0
291 0
292 1
293 0
294 0
295 1
296 1
297 1
298 0
299 0
300 0
301 1
302 1
303 1
304 0
305 1
306 0
307 1
308 1
309 1
310 1
311 1
312 0
313 0
314 1
315 1
316 1
317 1
318 0
319 1
320 1
321 0
322 1
323 0
324 0
325 0
326 1
327 0
328 1
329 1
330 0
331 0
332 0
333 1
334 1
335 0
336 0
337 0
338 0
339 1
340 0
341 1
342 1
343 1
344 1
345 1
346 1
347 0
348 0
349 0
350 0
351 1
352 0
353 0
354 0
355 1
356 1
357 1
358 0
359 0
360 0
361 0
362 0
363 0
364 1
365 0
366 0
367 1
368 1
369 1
370 1
371 1
372 0
373 1
374 1
375 0
376 1
377 0
378 1
379 1
380 1
381 1
382 1
383 1
384 0
385 0
386 1
387 1
388 0
389 0
390 0
391 1
392 0
393 0
394 1
395 0
396 1
397 0
398 0
399 1
400 0
401 1
402 0
403 1
404 0
405 0
406 1
407 1
408 1
409 0
410 1
411 1
412 1
413 0
414 0
415 0
416 1
417 1
418 1
419 0
420 1
421 0
422 1
423 0
424 0
425 0
426 0
427 0
428 0
429 0
430 1
431 1
432 0
433 1
434 0
435 0
436 1
437 1
438 0
439 1
440 0
441 0
442 1
443 0
444 0
445 1
446 1
447 1
448 1
449 0
450 0
451 1
452 1
453 1
454 1
455 1
456 0
457 0
458 0
459 1
460 0
461 0
462 0
463 1
464 0
465 0
466 0
467 1
468 0
469 1
470 1
471 1
472 1
473 1
474 1
475 0
476 0
477 0
478 0
479 1
480 1
481 1
482 0
483 0
484 0
485 0
486 0
487 0
488 1
489 1
490 0
491 1
492 1
493 1
494 0
495 0
496 1
497 1
498 0
499 1
500 1
501 0
502 1
503 0
504 1
505 1
506 0
507 0
508 0
509 0
510 1
511 1
512 0
513 0
514 1
515 1
516 1
517 1
518 1
519 0
520 0
521 1
522 1
523 1
524 0
525 0
526 0
527 0
528 1
529 0
530 1
531 0
532 1
533 0
534 0
535 0
536 1
537 1
538 1
539 0
540 1
541 1
542 1
543 0
544 0
545 0
546 0
547 0
548 0
549 1
550 0
551 1
552 1
553 1
554 0
555 0
556 0
557 0
558 0
559 0
560 1
561 1
562 0
563 0
564 1
565 0
566 1
567 0
568 1
569 1
570 0
571 1
572 0
573 0
574 1
575 1
576 1
577 0
578 1
579 0
580 1
581 1
582 0
583 1
584 1
585 0
586 1
587 0
588 0
589 1
590 1
591 1
592 0
593 1
594 1
595 0
596 0
597 1
598 0
599 0
600 0
601 1
602 1
603 0
604 0
605 0
606 1
607 1
608 1
609 1
610 0
611 0
612 0
613 1
614 1
615 1
616 1
617 1
618 1
619 0
620 0
621 0
622 1
623 0
624 0
625 0
626 1
627 1
628 0
629 0
630 0
631 1
632 1
633 0
634 1
635 0
636 1
637 1
638 0
639 0
640 1
641 1
642 0
643 1
644 1
645 0
646 1
647 0
648 0
649 0
650 0
651 0
652 1
653 1
654 0
655 1
656 1
657 0
658 1
659 1
660 0
661 1
662 0
663 1
664 0
665 1
666 1
667 1
668 0
669 1
670 0
671 1
672 0
673 1
674 0
675 0
676 0
677 0
678 0
679 1
680 1
681 0
682 1
683 1
684 0
685 1
686 0
687 1
688 0
689 1
690 0
691 0
692 1
693 0
694 0
695 1
696 1
697 1
698 1
699 1
700 0
701 1
702 0
703 0
704 1
705 0
706 1
707 1
708 1
709 0
710 1
711 0
712 1
713 0
714 1
715 1
716 1
717 0
718 0
719 0
720 1
721 0
722 1
723 0
724 1
725 1
726 1
727 0
728 1
729 1
730 1
731 0
732 1
733 1
734 0
735 1
736 1
737 1
738 1
739 0
740 1
741 1
742 1
743 1
744 0
745 1
746 0
747 1
748 1
749 1
750 0
751 0
752 0
753 1
754 1
755 1
756 0
757 1
758 0
759 0
760 0
761 1
762 1
763 0
764 1
765 0
766 0
767 0
768 0
769 0
770 1
771 0
772 0
773 0
774 0
775 1
776 1
777 0
778 0
779 0
780 1
781 0
782 0
783 0
784 0
785 0
786 1
787 0
788 0
789 1
790 1
791 0
792 0
793 0
794 1
795 0
796 1
797 1
798 0
799 0
800 0
801 1
802 1
803 1
804 0
805 1
806 1
807 0
808 1
809 1
810 0
811 0
812 1
813 1
814 1
815 1
816 0
817 0
818 1
819 0
820 1
821 1
822 1
823 1
824 0
825 0
826 0
827 1
828 1
829 1
830 1
831 0
832 1
833 0
834 1
835 0
836 0
837 0
838 0
839 1
840 0
841 0
842 0
843 1
844 0
845 0
846 0
847 0
848 0
849 0
850 1
851 1
852 1
853 0
854 1
855 1
856 1
857 1
858 1
859 0
860 1
861 0
862 1
863 1
864 0
865 1
866 1
867 1
868 1
869 0
870 0
871 1
872 0
873 1
874 1
875 1
876 1
877 0
878 0
879 0
880 0
881 1
882 1
883 1
884 0
885 0
886 0
887 1
888 0
889 1
890 1
891 1
892 1
893 0
894 0
895 0
896 1
897 1
898 1
899 1
900 1
901 0
902 1
903 0
904 1
905 1
906 1
907 1
908 1
909 1
910 0
911 0
912 1
913 0
914 1
915 1
916 1
917 0
918 0
919 0
920 0
921 1
922 0
923 0
924 0
925 1
926 0
927 1
928 0
929 0
930 0
931 1
932 1
933 1
934 1
935 1
936 0
937 0
938 1
939 0
940 0
941 0
942 1
943 0
944 1
945 0
946 1
947 1
948 1
949 1
950 1
951 0
952 1
953 1
954 1
955 1
956 1
957 0
958 0
959 1
960 0
961 1
962 0
963 0
964 0
965 0
966 0
967 0
968 0
969 1
970 0
971 1
972 0
973 1
974 1
975 1
976 1
977 1
978 1
979 1
980 1
981 1
982 1
983 1
984 0
985 0
986 0
987 0
988 1
989 0
990 1
991 1
992 1
993 1
994 1
995 0
996 0
997 1
998 1
999 1
1000 1
1001 0
1002 1
1003 0
1004 0
1005 1
1006 0
1007 0
1008 0
1009 0
1010 0
1011 1
1012 1
1013 1
1014 1
1015 1
1016 1
1017 0
1018 1
1019 0
1020 1
1021 1
1022 1
1023 1
1024 0
1025 1
1026 1
1027 1
1028 0
1029 0
1030 0
1031 1
1032 1
1033 0
1034 0
1035 1
1036 0
1037 0
1038 1
1039 0
1040 0
1041 1
1042 0
1043 1
1044 0
1045 1
1046 0
1047 1
1048 0
1049 0
1050 1
1051 0
1052 1
1053 1
1054 1
1055 0
1056 1
1057 1
1058 0
1059 1
1060 0
1061 1
1062 1
1063 1
1064 1
1065 0
1066 1
1067 0
1068 0
1069 1
1070 0
1071 0
1072 0
1073 0
1074 0
1075 0
1076 0
1077 1
1078 1
1079 0
1080 0
1081 0
1082 1
1083 0
1084 1
1085 0
1086 1
1087 0
1088 0
1089 1
1090 1
1091 0
1092 1
1093 0
1094 1
1095 0
1096 0
1097 0
1098 0
1099 0
1100 0
1101 0
1102 0
1103 1
1104 1
1105 1
1106 1
1107 1
1108 0
1109 0
1110 1
1111 1
1112 1
1113 1
1114 1
1115 0
1116 1
1117 1
1118 1
1119 1
1120 0
1121 1
1122 0
1123 1
1124 0
1125 1
1126 0
1127 0
1128 0
1129 1
1130 1
1131 1
1132 0
1133 0
1134 1
1135 1
1136 0
1137 1
1138 1
1139 0
1140 1
1141 0
1142 0
1143 0
1144 0
1145 1
1146 0
1147 1
1148 1
1149 1
1150 0
1151 1
1152 0
1153 0
1154 0
1155 0
1156 1
1157 0
1158 0
1159 0
1160 0
1161 1
1162 1
1163 1
1164 1
1165 1
1166 1
1167 0
1168 0
1169 0
1170 1
1171 1
1172 0
1173 0
1174 1
1175 1
1176 0
1177 0
1178 1
1179 1
1180 1
1181 0
1182 1
1183 0
1184 0
1185 1
1186 1
1187 1
1188 0
1189 1
1190 0
1191 0
1192 1
1193 1
1194 1
1195 1
1196 1
1197 0
1198 1
1199 1
1200 1
1201 0
1202 0
1203 0
1204 0
1205 1
1206 1
1207 0
1208 1
1209 1
1210 0
1211 1
1212 1
1213 0
1214 1
1215 1
1216 0
1217 0
1218 0
1219 1
1220 0
1221 1
1222 1
1223 0
1224 1
1225 0
1226 0
1227 0
1228 1
1229 0
1230 0
1231 1
1232 1
1233 0
1234 1
1235 1
1236 1
1237 0
1238 1
1239 1
1240 1
1241 0
1242 0
1243 1
1244 1
1245 1
1246 0
1247 0
1248 1
1249 1
1250 1
1251 1
1252 0
1253 0
1254 0
1255 0
1256 1
1257 0
1258 0
1259 0
1260 1
1261 1
1262 1
1263 1
1264 1
1265 0
1266 1
1267 1
1268 0
1269 1
1270 1
1271 0
1272 1
1273 0
1274 0
1275 0
1276 0
1277 1
1278 0
1279 1
1280 1
1281 1
1282 0
1283 1
1284 1
1285 1
1286 1
1287 1
1288 0
1289 0
1290 0
1291 0
1292 0
1293 0
1294 1
1295 1
1296 1
1297 0
1298 1
1299 0
1300 0
1301 1
1302 0
1303 0
1304 1
1305 1
1306 0
1307 1
1308 1
1309 1
1310 1
1311 0
1312 1
1313 0
1314 0
1315 0
1316 1
1317 1
1318 0
1319 0
1320 1
1321 0
1322 0
1323 0
1324 0
1325 0
1326 0
1327 0
1328 0
1329 1
1330 0
1331 0
1332 1
1333 0
1334 1
1335 0
1336 1
1337 1
1338 1
1339 0
1340 0
1341 1
1342 0
1343 0
1344 0
1345 0
1346 1
1347 0
1348 1
1349 1
1350 0
1351 0
1352 1
1353 1
1354 0
1355 0
1356 1
1357 0
1358 0
1359 0
1360 1
1361 1
1362 0
1363 1
1364 1
1365 0
1366 0
1367 0
1368 1
1369 0
1370 1
1371 1
1372 0
1373 1
1374 1
1375 1
1376 0
1377 0
1378 0
1379 1
1380 0
1381 0
1382 0
1383 0
1384 0
1385 0
1386 0
1387 0
1388 1
1389 0
1390 0
1391 1
1392 1
1393 1
1394 0
1395 0
1396 0
1397 1
1398 0
1399 0
1400 1
1401 0
1402 0
1403 1
1404 0
1405 0
1406 0
1407 1
1408 1
1409 1
1410 1
1411 0
1412 1
1413 1
1414 0
1415 1
1416 1
1417 0
1418 1
1419 1
1420 1
1421 1
1422 1
1423 1
1424 1
1425 0
1426 0
1427 0
1428 0
1429 1
1430 1
1431 1
1432 1
1433 1
1434 0
1435 0
1436 1
1437 1
1438 0
1439 0
1440 1
1441 0
1442 0
1443 1
1444 0
1445 0
1446 0
1447 0
1448 1
1449 1
1450 0
1451 0
1452 1
1453 0
1454 1
1455 0
1456 0
1457 1
1458 1
1459 1
1460 1
1461 1
1462 1
1463 0
1464 1
1465 0
1466 0
1467 0
1468 0
1469 0
1470 1
1471 0
1472 0
1473 0
1474 0
1475 0
1476 1
1477 0
1478 0
1479 1
1480 0
1481 1
1482 0
1483 0
1484 0
1485 1
1486 1
1487 0
1488 0
1489 0
1490 1
1491 1
1492 0
1493 1
1494 1
1495 0
1496 1
1497 1
1498 1
1499 0
1500 0
1501 1
1502 0
1503 1
1504 1
1505 0
1506 0
1507 0
1508 0
1509 0
1510 0
1511 0
1512 0
1513 1
1514 0
1515 0
1516 1
1517 0
1518 1
1519 1
1520 1
1521 1
1522 1
1523 1
1524 1
1525 0
1526 1
1527 0
1528 0
1529 1
1530 1
1531 1
1532 0
1533 1
1534 0
1535 1
1536 1
1537 0
1538 0
1539 0
1540 0
1541 1
1542 0
1543 0
1544 0
1545 1
1546 1
1547 1
1548 1
1549 1
1550 0
1551 1
1552 1
1553 1
1554 1
1555 0
1556 1
1557 0
1558 0
1559 0
1560 0
1561 1
1562 1
1563 1
1564 1
1565 1
1566 0
1567 0
1568 0
1569 0
1570 1
1571 0
1572 0
1573 0
1574 0
1575 0
1576 1
1577 1
1578 0
1579 1
1580 1
1581 1
1582 0
1583 0
1584 0
1585 0
1586 1
1587 1
1588 1
1589 1
1590 0
1591 0
1592 1
1593 0
1594 0
1595 0
1596 0
1597 0
1598 1
1599 1
1600 1
1601 0
1602 0
1603 1
1604 0
1605 0
1606 1
1607 1
1608 1
1609 0
1610 0
1611 1
1612 0
1613 0
1614 1
1615 0
1616 1
1617 0
1618 1
1619 0
1620 1
1621 1
1622 0
1623 1
1624 1
1625 0
1626 1
1627 1
1628 1
1629 1
1630 0
1631 0
1632 1
1633 0
1634 0
1635 1
1636 1
1637 1
1638 1
1639 0
1640 1
1641 0
1642 1
1643 1
1644 1
1645 1
1646 0
1647 0
1648 1
1649 0
1650 1
1651 1
1652 0
1653 0
1654 0
1655 0
1656 0
1657 1
1658 1
1659 0
1660 1
1661 1
1662 1
1663 0
1664 1
1665 0
1666 0
1667 0
1668 1
1669 0
1670 0
1671 0
1672 1
1673 1
1674 0
1675 0
1676 0
1677 1
1678 1
1679 1
1680 0
1681 0
1682 1
1683 1
1684 0
1685 0
1686 0
1687 0
1688 0
1689 0
1690 1
1691 0
1692 1
1693 0
1694 0
1695 0
1696 1
1697 0
1698 1
1699 0
1700 0
1701 1
1702 0
1703 0
1704 0
1705 0
1706 0
1707 1
1708 1
1709 0
1710 0
1711 0
1712 0
1713 0
1714 0
1715 0
1716 1
1717 1
1718 1
1719 0
1720 0
1721 0
1722 1
1723 0
1724 0
1725 0
1726 1
1727 1
1728 1
1729 1
1730 0
1731 0
1732 1
1733 1
1734 0
1735 1
1736 1
1737 1
1738 0
1739 0
1740 1
1741 0
1742 0
1743 1
1744 1
1745 0
1746 1
1747 0
1748 1
1749 0
1750 1
1751 0
1752 0
1753 1
1754 1
1755 1
1756 1
1757 0
1758 1
1759 0
1760 0
1761 1
1762 1
1763 0
1764 1
1765 0
1766 0
1767 0
1768 1
1769 1
1770 0
1771 0
1772 1
1773 0
1774 1
1775 1
1776 1
1777 1
1778 1
1779 1
1780 0
1781 0
1782 1
1783 1
1784 1
1785 0
1786 1
1787 0
1788 1
1789 0
1790 0
1791 0
1792 1
1793 0
1794 0
1795 0
1796 1
1797 0
1798 1
1799 0
1800 1
1801 1
1802 0
1803 0
1804 1
1805 0
1806 0
1807 0
1808 1
1809 1
1810 1
1811 0
1812 1
1813 0
1814 1
1815 1
1816 0
1817 1
1818 1
1819 1
1820 1
1821 1
1822 1
1823 0
1824 0
1825 0
1826 1
1827 0
1828 0
1829 0
1830 1
1831 0
1832 0
1833 0
1834 1
1835 0
1836 1
1837 0
1838 0
1839 1
1840 0
1841 1
1842 0
1843 1
1844 1
1845 1
1846 0
1847 1
1848 0
1849 0
1850 0
1851 0
1852 0
1853 1
1854 0
1855 1
1856 1
1857 1
1858 1
1859 0
1860 1
1861 0
1862 1
1863 1
1864 1
1865 1
1866 0
1867 0
1868 1
1869 0
1870 1
1871 0
1872 1
1873 1
1874 0
1875 0
1876 1
1877 0
1878 1
1879 1
1880 0
1881 0
1882 1
1883 1
1884 1
1885 0
1886 1
1887 1
1888 1
1889 1
1890 0
1891 0
1892 0
1893 0
1894 1
1895 0
1896 0
1897 0
1898 1
1899 1
1900 0
1901 1
1902 0
1903 0
1904 1
1905 1
1906 1
1907 0
1908 1
1909 0
1910 0
1911 0
1912 1
1913 1
1914 1
1915 1
1916 0
1917 1
1918 1
1919 0
1920 1
1921 1
1922 1
1923 1
1924 0
1925 1
1926 1
1927 0
1928 0
1929 0
1930 0
1931 1
1932 0
1933 1
1934 0
1935 0
1936 0
1937 1
1938 0
1939 1
1940 1
1941 0
1942 0
1943 0
1944 0
1945 0
1946 1
1947 1
1948 1
1949 0
1950 1
1951 1
1952 0
1953 1
1954 0
1955 0
1956 1
1957 1
1958 1
1959 1
1960 1
1961 0
1962 1
1963 1
1964 0
1965 0
1966 0
1967 0
1968 1
1969 1
1970 1
1971 0
1972 1
1973 0
1974 1
1975 1
1976 1
1977 1
1978 0
1979 1
1980 0
1981 0
1982 0
1983 0
1984 1
1985 0
1986 0
1987 0
1988 1
1989 1
1990 1
1991 1
1992 1
1993 1
1994 0
1995 0
1996 1
1997 0
1998 1
1999 1
2000 0
2001 1
2002 1
2003 1
2004 0
2005 1
2006 0
2007 0
2008 1
2009 1
2010 0
2011 0
2012 1
2013 1
2014 0
2015 1
2016 1
2017 1
2018 1
2019 0
2020 1
2021 0
2022 0
2023 1
2024 0
2025 0
2026 0
2027 1
2028 0
2029 1
2030 1
2031 1
2032 1
2033 1
2034 1
2035 1
2036 1
2037 1
2038 0
2039 1
2040 1
2041 1
2042 1
2043 1
2044 1
2045 1
2046 0
2047 1
2048 1
2049 0
2050 0
2051 0
2052 0
2053 0
2054 0
2055 0
2056 1
2057 0
2058 1
2059 0
2060 1
2061 0
2062 1
2063 1
2064 1
2065 0
2066 0
2067 0
2068 1
2069 1
2070 0
2071 0
2072 1
2073 0
2074 0
2075 1
2076 1
2077 0
2078 1
2079 1
2080 0
2081 1
2082 1
2083 0
2084 1
2085 0
2086 1
2087 1
2088 0
2089 0
2090 0
2091 0
2092 1
2093 0
2094 0
2095 0
2096 0
2097 1
2098 1
2099 0
2100 1
2101 1
2102 0
2103 1
2104 1
2105 0
2106 0
2107 0
2108 0
2109 0
2110 0
2111 0
2112 0
2113 1
2114 0
2115 0
2116 0
2117 0
2118 1
2119 1
2120 0
2121 0
2122 1
2123 0
2124 0
2125 0
2126 0
2127 1
2128 0
2129 1
2130 1
2131 1
2132 0
2133 1
2134 1
2135 0
2136 0
2137 0
2138 0
2139 0
2140 0
2141 1
2142 1
2143 1
2144 0
2145 0
2146 0
2147 0
2148 0
2149 0
2150 1
2151 0
2152 0
2153 0
2154 0
2155 0
2156 0
2157 0
2158 1
2159 1
2160 0
2161 1
2162 1
2163 0
2164 1
2165 1
2166 1
2167 1
2168 1
2169 1
2170 1
2171 1
2172 1
2173 0
2174 1
2175 1
2176 1
2177 0
2178 1
2179 1
2180 0
2181 0
2182 0
2183 0
2184 0
2185 1
2186 0
2187 0
2188 0
2189 1
2190 1
2191 0
2192 1
2193 1
2194 0
2195 1
2196 1
2197 1
2198 1
2199 1
2200 0
2201 0
2202 0
2203 0
2204 1
2205 1
2206 1
2207 0
2208 1
2209 1
2210 0
2211 0
2212 0
2213 1
2214 0
2215 0
2216 0
2217 0
2218 0
2219 1
2220 1
2221 0
2222 0
2223 1
2224 0
2225 0
2226 0
2227 1
2228 1
2229 1
2230 0
2231 0
2232 0
2233 0
2234 1
2235 0
2236 0
2237 0
2238 0
2239 1
2240 0
2241 1
2242 1
2243 1
2244 1
2245 0
2246 1
2247 0
2248 0
2249 1
2250 0
2251 0
2252 1
2253 0
2254 1
2255 0
2256 1
2257 1
2258 0
2259 1
2260 1
2261 0
2262 0
2263 0
2264 1
2265 0
2266 1
2267 1
2268 1
2269 0
2270 0
2271 0
2272 1
2273 1
2274 0
2275 1
2276 0
2277 1
2278 1
2279 0
2280 1
2281 1
2282 1
2283 1
2284 1
2285 0
2286 0
2287 1
2288 0
2289 1
2290 0
2291 1
2292 1
2293 1
2294 1
2295 0
2296 0
2297 0
2298 0
2299 0
2300 1
2301 0
2302 0
2303 0
2304 0
2305 1
2306 0
2307 0
2308 1
2309 1
2310 1
2311 1
2312 1
2313 1
2314 0
2315 0
2316 0
2317 1
2318 1
2319 1
2320 1
2321 1
2322 0
2323 0
2324 1
2325 0
2326 0
2327 0
2328 0
2329 0
2330 1
2331 0
2332 1
2333 0
2334 0
2335 0
2336 0
2337 0
2338 1
2339 1
2340 0
2341 1
2342 1
2343 1
2344 1
2345 0
2346 0
2347 1
2348 1
2349 1
2350 0
2351 0
2352 0
2353 1
2354 1
2355 0
2356 1
2357 0
2358 1
2359 1
2360 0
2361 1
2362 0
2363 0
2364 0
2365 0
2366 0
2367 0
2368 1
2369 0
2370 1
2371 1
2372 0
2373 0
2374 1
2375 0
2376 1
2377 1
2378 1
2379 0
2380 0
2381 0
2382 0
2383 1
2384 1
2385 1
2386 0
2387 1
2388 1
2389 0
2390 1
2391 1
2392 0
2393 0
2394 0
2395 1
2396 1
2397 1
2398 1
2399 0
2400 1
2401 0
2402 0
2403 0
2404 1
2405 1
2406 0
2407 1
2408 1
2409 0
2410 0
2411 0
2412 0
2413 0
2414 0
2415 1
2416 0
2417 1
2418 1
2419 1
2420 1
2421 0
2422 0
2423 1
2424 1
2425 0
2426 1
2427 0
2428 0
2429 1
2430 1
2431 0
2432 1
2433 1
2434 0
2435 0
2436 0
2437 1
2438 0
2439 1
2440 0
2441 1
2442 0
2443 1
2444 0
2445 0
2446 1
2447 1
2448 0
2449 1
2450 1
2451 0
2452 1
2453 0
2454 1
2455 1
2456 1
2457 0
2458 1
2459 1
2460 1
2461 0
2462 0
2463 0
2464 1
2465 0
2466 0
2467 1
2468 1
2469 0
2470 1
2471 0
2472 1
2473 0
2474 0
2475 0
2476 0
2477 0
2478 0
2479 0
2480 1
2481 1
2482 1
2483 1
2484 1
2485 0
2486 1
2487 1
2488 0
2489 0
2490 1
2491 1
2492 1
2493 1
2494 1
2495 1
2496 1
2497 1
2498 1
2499 1
2500 0
2501 0
2502 1
2503 0
2504 0
2505 1
2506 1
2507 1
2508 0
2509 1
2510 1
2511 0
2512 0
2513 1
2514 1
2515 0
2516 1
2517 0
2518 0
2519 1
2520 0
2521 0
2522 1
2523 1
2524 1
2525 0
2526 0
2527 1
2528 0
2529 0
2530 0
2531 0
2532 0
2533 0
2534 1
2535 0
2536 1
2537 1
2538 1
2539 0
2540 1
2541 0
2542 1
2543 1
2544 0
2545 1
2546 0
2547 0
2548 0
2549 0
2550 1
2551 1
2552 0
2553 1
2554 0
2555 1
2556 1
2557 1
2558 1
2559 1
2560 0
2561 0
2562 1
2563 0
2564 1
2565 0
2566 1
2567 0
2568 0
2569 0
2570 1
2571 0
2572 1
2573 0
2574 0
2575 0
2576 1
2577 1
2578 1
2579 0
2580 1
2581 0
2582 0
2583 0
2584 1
2585 1
2586 1
2587 0
2588 1
2589 0
2590 0
2591 1
2592 1
2593 1
2594 0
2595 1
2596 1
2597 1
2598 0
2599 0
2600 0
2601 0
2602 0
2603 0
2604 1
2605 1
2606 0
2607 0
2608 0
2609 1
2610 1
2611 1
2612 1
2613 0
2614 0
2615 1
2616 1
2617 0
2618 0
2619 0
2620 0
2621 1
2622 1
2623 1
2624 0
2625 1
2626 1
2627 0
2628 0
2629 0
2630 1
2631 1
2632 1
2633 0
2634 0
2635 1
2636 0
2637 1
2638 0
2639 1
2640 0
2641 1
2642 1
2643 1
2644 1
2645 0
2646 1
2647 1
2648 0
2649 0
2650 1
2651 0
2652 0
2653 1
2654 0
2655 1
2656 1
2657 1
2658 0
2659 0
2660 1
2661 1
2662 0
2663 1
2664 1
2665 1
2666 1
2667 1
2668 1
2669 0
2670 0
2671 1
2672 0
2673 0
2674 0
2675 1
2676 1
2677 0
2678 0
2679 1
2680 1
2681 0
2682 1
2683 0
2684 0
2685 1
2686 1
2687 1
2688 1
2689 0
2690 1
2691 1
2692 1
2693 0
2694 0
2695 1
2696 1
2697 1
2698 1
2699 0
2700 1
2701 0
2702 1
2703 1
2704 0
2705 1
2706 1
2707 0
2708 0
2709 0
2710 0
2711 0
2712 1
2713 0
2714 0
2715 1
2716 0
2717 1
2718 0
2719 1
2720 0
2721 0
2722 1
2723 0
2724 1
2725 0
2726 1
2727 1
2728 0
2729 1
2730 1
2731 0
2732 0
2733 1
2734 0
2735 1
2736 1
2737 1
2738 0
2739 1
2740 0
2741 1
2742 1
2743 1
2744 1
2745 0
2746 1
2747 0
2748 0
2749 0
2750 1
2751 1
2752 0
2753 0
2754 1
2755 1
2756 1
2757 1
2758 0
2759 0
2760 1
2761 0
2762 1
2763 1
2764 1
2765 0
2766 0
2767 1
2768 1
2769 1
2770 0
2771 1
2772 1
2773 1
2774 0
2775 1
2776 0
2777 0
2778 1
2779 0
2780 1
2781 1
2782 0
2783 1
2784 1
2785 1
2786 0
2787 0
2788 0
2789 0
2790 1
2791 0
2792 0
2793 0
2794 1
2795 0
2796 1
2797 0
2798 0
2799 0
2800 0
2801 1
2802 1
2803 1
2804 0
2805 0
2806 1
2807 1
2808 0
2809 1
2810 1
2811 0
2812 1
2813 1
2814 1
2815 0
2816 1
2817 0
2818 0
2819 1
2820 0
2821 0
2822 1
2823 1
2824 1
2825 0
2826 1
2827 1
2828 0
2829 1
2830 0
2831 0
2832 1
2833 0
2834 0
2835 0
2836 1
2837 0
2838 0
2839 0
2840 0
2841 1
2842 0
2843 1
2844 1
2845 1
2846 1
2847 0
2848 0
2849 1
2850 0
2851 0
2852 1
2853 1
2854 1
2855 1
2856 0
2857 0
2858 0
2859 0
2860 1
2861 1
2862 0
2863 0
2864 1
2865 0
2866 0
2867 0
2868 0
2869 1
2870 1
2871 0
2872 1
2873 0
2874 1
2875 1
2876 1
2877 0
2878 0
2879 0
2880 1
2881 0
2882 0
2883 0
2884 0
2885 1
2886 1
2887 1
2888 0
2889 1
2890 1
2891 0
2892 1
2893 0
2894 1
2895 1
2896 0
2897 1
2898 1
2899 1
2900 0
2901 0
2902 1
2903 0
2904 0
2905 1
2906 0
2907 1
2908 0
2909 1
2910 0
2911 1
2912 0
2913 1
2914 1
2915 0
2916 0
2917 1
2918 0
2919 1
2920 0
2921 0
2922 0
2923 0
2924 0
2925 1
2926 0
2927 0
2928 0
2929 0
2930 1
2931 0
2932 0
2933 1
2934 1
2935 0
2936 0
2937 1
2938 0
2939 1
2940 0
2941 0
2942 0
2943 1
2944 0
2945 0
2946 0
2947 1
2948 1
2949 1
2950 0
2951 1
2952 1
2953 1
2954 1
2955 1
2956 1
2957 1
2958 1
2959 0
2960 0
2961 1
2962 1
2963 0
2964 0
2965 1
2966 0
2967 0
2968 1
2969 1
2970 1
2971 0
2972 1
2973 1
2974 0
2975 0
2976 0
2977 0
2978 0
2979 0
2980 1
2981 0
2982 0
2983 1
2984 1
2985 1
2986 0
2987 0
2988 0
2989 1
2990 1
2991 0
2992 0
2993 1
2994 0
2995 0
2996 0
2997 0
2998 1
2999 0
3000 1
3001 1
3002 0
3003 1
3004 0
3005 0
3006 0
3007 1
3008 0
3009 0
3010 0
3011 1
3012 0
3013 1
3014 0
3015 1
3016 1
3017 0
3018 0
3019 0
3020 1
3021 0
3022 0
3023 1
3024 1
3025 0
3026 1
3027 1
3028 0
3029 1
3030 1
3031 1
3032 0
3033 1
3034 1
3035 1
3036 1
3037 1
3038 1
3039 1
3040 0
3041 1
3042 1
3043 0
3044 1
3045 1
3046 1
3047 1
3048 0
3049 1
3050 1
3051 1
3052 0
3053 1
3054 0
3055 1
3056 1
3057 1
3058 1
3059 1
3060 0
3061 1
3062 0
3063 1
3064 1
3065 0
3066 0
3067 1
3068 1
3069 1
3070 0
3071 1
3072 1
3073 1
3074 1
3075 1
3076 0
3077 1
3078 0
3079 1
3080 0
3081 0
3082 1
3083 0
3084 1
3085 0
3086 1
3087 1
3088 0
3089 0
3090 0
3091 0
3092 1
3093 1
3094 1
3095 0
3096 1
3097 1
3098 0
3099 1
3100 1
3101 0
3102 0
3103 0
3104 1
3105 0
3106 1
3107 0
3108 1
3109 1
3110 0
3111 1
3112 0
3113 1
3114 0
3115 1
3116 1
3117 1
3118 1
3119 1
3120 1
3121 0
3122 1
3123 1
3124 1
3125 1
3126 0
3127 0
3128 1
3129 1
3130 1
3131 0
3132 1
3133 0
3134 1
3135 0
3136 1
3137 0
3138 0
3139 0
3140 0
3141 0
3142 0
3143 1
3144 0
3145 1
3146 1
3147 1
3148 0
3149 1
3150 1
3151 0
3152 1
3153 1
3154 1
3155 1
3156 1
3157 0
3158 1
3159 0
3160 0
3161 0
3162 0
3163 0
3164 0
3165 0
3166 1
3167 0
3168 1
3169 0
3170 0
3171 0
3172 1
3173 1
3174 0
3175 0
3176 0
3177 0
3178 0
3179 0
3180 0
3181 1
3182 0
3183 1
3184 0
3185 0
3186 0
3187 1
3188 1
3189 1
3190 0
3191 1
3192 1
3193 1
3194 1
3195 0
3196 1
3197 0
3198 1
3199 0
3200 1
3201 0
3202 0
3203 0
3204 1
3205 0
3206 1
3207 0
3208 0
3209 1
3210 1
3211 0
3212 1
3213 0
3214 1
3215 0
3216 0
3217 0
3218 0
3219 0
3220 1
3221 0
3222 1
3223 0
3224 0
3225 0
3226 0
3227 1
3228 0
3229 0
3230 0
3231 0
3232 1
3233 1
3234 0
3235 0
3236 0
3237 0
3238 1
3239 1
3240 0
3241 0
3242 1
3243 1
3244 1
3245 1
3246 0
3247 1
3248 1
3249 1
3250 0
3251 1
3252 0
3253 1
3254 1
3255 1
3256 0
3257 0
3258 1
3259 1
3260 0
3261 0
3262 0
3263 1
3264 0
3265 0
3266 1
3267 0
3268 0
3269 1
3270 0
3271 1
3272 1
3273 0
3274 0
3275 0
3276 1
3277 1
3278 1
3279 1
3280 0
3281 1
3282 1
3283 1
3284 1
3285 0
3286 1
3287 0
3288 0
3289 1
3290 0
3291 0
3292 0
3293 1
3294 1
3295 0
3296 1
3297 0
3298 0
3299 1
3300 0
3301 0
3302 1
3303 0
3304 0
3305 0
3306 1
3307 1
3308 1
3309 1
3310 1
3311 1
3312 1
3313 1
3314 0
3315 0
3316 0
3317 1
3318 1
3319 0
3320 1
3321 1
3322 0
3323 1
3324 1
3325 0
3326 1
3327 1
3328 1
3329 0
3330 1
3331 0
3332 0
3333 1
3334 1
3335 0
3336 0
3337 0
3338 0
3339 1
3340 0
3341 0
3342 0
3343 1
3344 1
3345 0
3346 1
3347 0
3348 0
3349 1
3350 0
3351 0
3352 1
3353 1
3354 1
3355 0
3356 1
3357 0
3358 0
3359 0
3360 1
3361 1
3362 1
3363 1
3364 1
3365 0
3366 0
3367 0
3368 1
3369 1
3370 0
3371 1
3372 0
3373 1
3374 1
3375 1
3376 1
3377 0
3378 1
3379 0
3380 0
3381 1
3382 0
3383 1
3384 0
3385 0
3386 0
3387 1
3388 1
3389 0
3390 0
3391 1
3392 1
3393 0
3394 1
3395 0
3396 1
3397 1
3398 0
3399 0
3400 0
3401 0
3402 0
3403 0
3404 1
3405 0
3406 0
3407 1
3408 1
3409 1
3410 1
3411 1
3412 0
3413 0
3414 1
3415 1
3416 1
3417 1
3418 0
3419 0
3420 1
3421 0
3422 0
3423 0
3424 1
3425 1
3426 0
3427 0
3428 0
3429 0
3430 1
3431 1
3432 0
3433 1
3434 1
3435 1
3436 1
3437 1
3438 0
3439 0
3440 1
3441 0
3442 1
3443 1
3444 1
3445 1
3446 0
3447 1
3448 0
3449 0
3450 0
3451 1
3452 0
3453 0
3454 1
3455 1
3456 0
3457 1
3458 0
3459 0
3460 0
3461 1
3462 0
3463 0
3464 1
3465 1
3466 0
3467 0
3468 1
3469 0
3470 1
3471 1
3472 0
3473 0
3474 1
3475 1
3476 1
3477 0
3478 1
3479 1
3480 1
3481 0
3482 1
3483 1
3484 0
3485 0
3486 0
3487 0
3488 0
3489 1
3490 0
3491 1
3492 0
3493 1
3494 0
3495 0
3496 1
3497 0
3498 1
3499 0
3500 0
3501 1
3502 0
3503 0
3504 0
3505 0
3506 0
3507 1
3508 0
3509 1
3510 1
3511 1
3512 1
3513 0
3514 1
3515 0
3516 0
3517 0
3518 0
3519 0
3520 0
3521 1
3522 1
3523 1
3524 1
3525 0
3526 1
3527 0
3528 0
3529 1
3530 0
3531 1
3532 1
3533 1
3534 0
3535 0
3536 0
3537 1
3538 1
3539 0
3540 0
3541 1
3542 1
3543 0
3544 1
3545 1
3546 1
3547 0
3548 1
3549 0
3550 1
3551 1
3552 0
3553 0
3554 1
3555 0
3556 0
3557 0
3558 0
3559 1
3560 1
3561 0
3562 1
3563 0
3564 1
3565 0
3566 1
3567 1
3568 1
3569 1
3570 1
3571 0
3572 0
3573 0
3574 1
3575 0
3576 1
3577 0
3578 0
3579 1
3580 0
3581 1
3582 0
3583 1
3584 1
3585 0
3586 0
3587 1
3588 0
3589 1
3590 0
3591 0
3592 1
3593 1
3594 0
3595 0
3596 1
3597 0
3598 0
3599 0
3600 1
3601 0
3602 1
3603 1
3604 0
3605 0
3606 0
3607 1
3608 1
3609 1
3610 0
3611 0
3612 0
3613 1
3614 0
3615 1
3616 0
3617 1
3618 1
3619 1
3620 0
3621 0
3622 1
3623 1
3624 0
3625 1
3626 0
3627 1
3628 0
3629 1
3630 1
3631 0
3632 0
3633 0
3634 0
3635 0
3636 1
3637 1
3638 1
3639 0
3640 0
3641 0
3642 0
3643 1
3644 0
3645 1
3646 0
3647 1
3648 1
3649 0
3650 1
3651 1
3652 1
3653 0
3654 1
3655 1
3656 1
3657 1
3658 0
3659 0
3660 0
3661 0
3662 0
3663 0
3664 1
3665 1
3666 0
3667 0
3668 0
3669 0
3670 0
3671 0
3672 0
3673 1
3674 0
3675 1
3676 0
3677 0
3678 0
3679 0
3680 1
3681 0
3682 0
3683 1
3684 1
3685 0
3686 0
3687 1
3688 1
3689 1
3690 0
3691 1
3692 0
3693 1
3694 1
3695 0
3696 1
3697 1
3698 1
3699 1
3700 1
3701 0
3702 1
3703 1
3704 1
3705 1
3706 0
3707 1
3708 1
3709 0
3710 0
3711 1
3712 1
3713 0
3714 0
3715 0
3716 1
3717 1
3718 1
3719 0
3720 1
3721 0
3722 0
3723 1
3724 0
3725 0
3726 0
3727 0
3728 1
3729 1
3730 0
3731 0
3732 1
3733 1
3734 1
3735 1
3736 0
3737 1
3738 0
3739 0
3740 1
3741 0
3742 1
3743 1
3744 1
3745 0
3746 0
3747 0
3748 0
3749 0
3750 0
3751 1
3752 1
3753 1
3754 0
3755 0
3756 1
3757 1
3758 0
3759 0
3760 1
3761 1
3762 0
3763 1
3764 0
3765 1
3766 1
3767 0
3768 1
3769 1
3770 1
3771 0
3772 0
3773 1
3774 0
3775 0
3776 0
3777 0
3778 1
3779 0
3780 1
3781 0
3782 0
3783 1
3784 1
3785 0
3786 0
3787 1
3788 1
3789 0
3790 0
3791 1
3792 1
3793 1
3794 0
3795 1
3796 1
3797 1
3798 0
3799 0
3800 1
3801 1
3802 0
3803 0
3804 1
3805 1
3806 1
3807 1
3808 1
3809 1
3810 0
3811 0
3812 1
3813 0
3814 1
3815 1
3816 1
3817 1
3818 0
3819 0
3820 1
3821 1
3822 0
3823 0
3824 0
3825 1
3826 1
3827 1
3828 0
3829 0
3830 1
3831 1
3832 0
3833 0
3834 1
3835 0
3836 1
3837 0
3838 1
3839 1
3840 0
3841 1
3842 0
3843 0
3844 0
3845 1
3846 0
3847 0
3848 1
3849 0
3850 1
3851 0
3852 0
3853 0
3854 0
3855 1
3856 1
3857 0
3858 1
3859 0
3860 0
3861 1
3862 0
3863 0
3864 1
3865 0
3866 1
3867 0
3868 0
3869 1
3870 0
3871 0
3872 0
3873 0
3874 1
3875 0
3876 1
3877 1
3878 1
3879 1
3880 1
3881 0
3882 1
3883 1
3884 1
3885 1
3886 0
3887 1
3888 0
3889 0
3890 0
3891 0
3892 0
3893 0
3894 0
3895 0
3896 0
3897 1
3898 0
3899 0
3900 0
3901 0
3902 1
3903 0
3904 0
3905 1
3906 0
3907 0
3908 1
3909 1
3910 0
3911 0
3912 1
3913 1
3914 0
3915 0
3916 0
3917 0
3918 1
3919 1
3920 0
3921 0
3922 0
3923 0
3924 1
3925 1
3926 1
3927 1
3928 1
3929 1
3930 1
3931 0
3932 1
3933 1
3934 1
3935 0
3936 0
3937 1
3938 1
3939 1
3940 0
3941 1
3942 0
3943 1
3944 0
3945 1
3946 0
3947 1
3948 1
3949 0
3950 0
3951 1
3952 1
3953 1
3954 0
3955 0
3956 1
3957 0
3958 1
3959 1
3960 1
3961 1
3962 1
3963 1
3964 0
3965 0
3966 1
3967 1
3968 0
3969 0
3970 0
3971 0
3972 1
3973 0
3974 0
3975 0
3976 1
3977 1
3978 1
3979 1
3980 0
3981 0
3982 0
3983 1
3984 0
3985 1
3986 1
3987 0
3988 0
3989 1
3990 1
3991 0
3992 1
3993 1
3994 0
3995 0
3996 0
3997 0
3998 0
3999 1
4000 1
4001 0
4002 0
4003 0
4004 0
4005 0
4006 0
4007 0
4008 1
4009 0
4010 0
4011 1
4012 0
4013 0
4014 1
4015 0
4016 1
4017 1
4018 1
4019 0
4020 0
4021 1
4022 0
4023 1
4024 1
4025 0
4026 1
4027 0
4028 1
4029 1
4030 1
4031 1
4032 1
4033 1
4034 1
4035 1
4036 1
4037 1
4038 0
4039 1
4040 0
4041 1
4042 1
4043 1
4044 0
4045 0
4046 0
4047 1
4048 1
4049 1
4050 0
4051 1
4052 1
4053 1
4054 1
4055 0
4056 1
4057 0
4058 0
4059 0
4060 0
4061 1
4062 0
4063 0
4064 0
4065 1
4066 1
4067 1
4068 0
4069 1
4070 1
4071 0
4072 1
4073 1
4074 1
4075 1
4076 0
4077 1
4078 0
4079 1
4080 0
4081 1
4082 0
4083 1
4084 0
4085 0
4086 0
4087 1
4088 0
4089 1
4090 0
4091 1
4092 0
4093 0
4094 0
4095 0
4096 1
4097 0
4098 0
4099 1
4100 1
4101 1
4102 1
4103 1
4104 1
4105 0
4106 0
4107 0
4108 1
4109 0
4110 0
4111 1
4112 1
4113 0
4114 0
4115 0
4116 1
4117 1
4118 0
4119 0
4120 1
4121 0
4122 0
4123 1
4124 1
4125 0
4126 0
4127 1
4128 0
4129 1
4130 0
4131 0
4132 1
4133 0
4134 1
4135 1
4136 0
4137 0
4138 0
4139 0
4140 0
4141 1
4142 1
4143 0
4144 0
4145 0
4146 1
4147 0
4148 0
4149 1
4150 1
4151 1
4152 0
4153 1
4154 1
4155 0
4156 1
4157 0
