# Oregon-1 10670 22002 5
0 0
1 2
2 2
3 2
4 0
5 0
6 3
7 4
8 4
9 0
10 0
11 4
12 4
13 0
14 2
15 4
16 4
17 0
18 2
19 2
20 0
21 4
22 3
23 4
24 0
25 0
26 0
27 4
28 0
29 2
30 4
31 4
32 4
33 4
34 2
35 3
36 0
37 0
38 1
39 0
40 2
41 0
42 4
43 2
44 0
45 3
46 4
47 4
48 2
49 0
50 2
51 2
52 2
53 2
54 2
55 2
56 2
57 4
58 2
59 2
60 0
61 3
62 3
63 3
64 4
65 2
66 4
67 2
68 0
69 2
70 0
71 0
72 4
73 3
74 2
75 3
76 4
77 4
78 2
79 0
80 2
81 4
82 0
83 4
84 4
85 4
86 2
87 0
88 2
89 2
90 0
91 4
92 4
93 3
94 3
95 2
96 4
97 2
98 3
99 0
100 4
101 2
102 2
103 4
104 2
105 4
106 2
107 2
108 2
109 4
110 0
111 2
112 2
113 0
114 2
115 2
116 0
117 0
118 3
119 2
120 0
121 4
122 2
123 2
124 0
125 4
126 0
127 2
128 0
129 2
130 2
131 0
132 4
133 2
134 2
135 4
136 4
137 0
138 2
139 0
140 2
141 0
142 0
143 4
144 4
145 2
146 2
147 4
148 0
149 2
150 4
151 4
152 4
153 2
154 2
155 4
156 4
157 2
158 3
159 2
160 3
161 0
162 4
163 4
164 4
165 0
166 0
167 0
168 0
169 2
170 4
171 0
172 0
173 4
174 4
175 4
176 3
177 0
178 2
179 3
180 4
181 2
182 2
183 0
184 3
185 2
186 4
187 2
188 0
189 3
190 0
191 0
192 0
193 4
194 3
195 2
196 0
197 2
198 4
199 2
200 2
201 4
202 4
203 2
204 2
205 4
206 4
207 0
208 0
209 2
210 2
211 3
212 3
213 4
214 4
215 2
216 3
217 3
218 2
219 4
220 3
221 0
222 0
223 0
224 2
225 4
226 4
227 4
228 0
229 4
230 2
231 2
232 4
233 3
234 2
235 2
236 4
237 0
238 2
239 3
240 2
241 4
242 2
243 0
244 3
245 4
246 0
247 2
248 2
249 0
250 0
251 0
252 4
253 4
254 0
255 2
256 2
257 4
258 4
259 2
260 4
261 3
262 4
263 0
264 2
265 0
266 3
267 2
268 4
269 3
270 2
271 4
272 2
273 0
274 2
275 0
276 4
277 0
278 3
279 4
280 4
281 4
282 4
283 2
284 0
285 3
286 2
287 4
288 0
289 2
290 0
291 0
292 4
293 0
294 4
295 3
296 3
297 2
298 4
299 4
300 2
301 4
302 4
303 0
304 2
305 0
306 4
307 3
308 2
309 0
310 4
311 1
312 2
313 0
314 0
315 0
316 4
317 0
318 3
319 4
320 2
321 2
322 0
323 4
324 2
325 4
326 4
327 0
328 0
329 2
330 2
331 3
332 3
333 0
334 4
335 2
336 2
337 4
338 2
339 0
340 4
341 2
342 4
343 2
344 3
345 1
346 0
347 3
348 2
349 4
350 3
351 2
352 2
353 2
354 4
355 4
356 2
357 2
358 2
359 0
360 2
361 2
362 2
363 0
364 4
365 0
366 0
367 4
368 0
369 3
370 4
371 4
372 4
373 2
374 2
375 2
376 2
377 2
378 2
379 4
380 2
381 4
382 4
383 3
384 0
385 3
386 2
387 4
388 3
389 4
390 2
391 0
392 0
393 2
394 2
395 2
396 0
397 0
398 4
399 4
400 0
401 0
402 3
403 0
404 2
405 4
406 0
407 2
408 3
409 2
410 3
411 2
412 2
413 0
414 0
415 4
416 3
417 4
418 2
419 4
420 4
421 2
422 2
423 0
424 2
425 4
426 4
427 0
428 0
429 0
430 2
431 2
432 3
433 2
434 4
435 0
436 0
437 4
438 4
439 1
440 4
441 4
442 0
443 4
444 0
445 2
446 4
447 2
448 2
449 0
450 4
451 4
452 4
453 4
454 0
455 0
456 2
457 0
458 3
459 4
460 4
461 4
462 3
463 2
464 4
465 0
466 4
467 3
468 4
469 2
470 2
471 3
472 0
473 3
474 4
475 2
476 0
477 0
478 2
479 4
480 4
481 2
482 3
483 2
484 0
485 2
486 1
487 1
488 2
489 4
490 2
491 2
492 4
493 4
494 0
495 1
496 0
497 0
498 3
499 3
500 2
501 4
502 2
503 0
504 4
505 2
506 2
507 0
508 4
509 2
510 1
511 0
512 0
513 2
514 0
515 0
516 4
517 0
518 4
519 2
520 4
521 0
522 4
523 0
524 2
525 0
526 0
527 2
528 3
529 2
530 2
531 3
532 0
533 2
534 4
535 0
536 2
537 2
538 2
539 4
540 0
541 0
542 2
543 2
544 3
545 0
546 2
547 2
548 2
549 4
550 4
551 3
552 0
553 2
554 0
555 4
556 0
557 4
558 3
559 0
560 4
561 4
562 4
563 4
564 2
565 4
566 4
567 0
568 4
569 0
570 2
571 1
572 0
573 2
574 4
575 0
576 4
577 4
578 0
579 2
580 4
581 4
582 4
583 0
584 3
585 0
586 0
587 2
588 0
589 3
590 4
591 2
592 2
593 0
594 0
595 2
596 2
597 2
598 0
599 0
600 2
601 3
602 0
603 4
604 2
605 4
606 0
607 4
608 2
609 2
610 4
611 0
612 4
613 0
614 0
615 0
616 4
617 1
618 2
619 2
620 4
621 3
622 2
623 0
624 4
625 0
626 4
627 4
628 3
629 4
630 4
631 4
632 2
633 0
634 4
635 3
636 0
637 2
638 2
639 2
640 2
641 0
642 2
643 0
644 0
645 4
646 2
647 3
648 0
649 3
650 0
651 0
652 4
653 2
654 4
655 4
656 4
657 2
658 1
659 4
660 0
661 4
662 0
663 0
664 4
665 3
666 4
667 0
668 1
669 4
670 3
671 0
672 2
673 0
674 0
675 2
676 3
677 2
678 0
679 0
680 3
681 3
682 2
683 1
684 0
685 0
686 0
687 0
688 0
689 0
690 0
691 0
692 2
693 4
694 2
695 2
696 4
697 4
698 2
699 0
700 0
701 3
702 0
703 0
704 2
705 2
706 2
707 3
708 4
709 1
710 0
711 3
712 0
713 2
714 0
715 2
716 0
717 0
718 2
719 4
720 2
721 4
722 4
723 4
724 2
725 0
726 2
727 1
728 3
729 4
730 0
731 2
732 4
733 2
734 0
735 3
736 2
737 0
738 2
739 4
740 2
741 2
742 2
743 3
744 4
745 1
746 0
747 2
748 0
749 0
750 0
751 0
752 0
753 0
754 2
755 3
756 0
757 2
758 0
759 4
760 3
761 1
762 0
763 0
764 2
765 2
766 4
767 4
768 0
769 4
770 2
771 0
772 0
773 4
774 0
775 4
776 2
777 4
778 0
779 2
780 1
781 0
782 3
783 4
784 0
785 3
786 4
787 0
788 2
789 2
790 4
791 4
792 2
793 2
794 0
795 2
796 0
797 4
798 3
799 2
800 0
801 2
802 0
803 3
804 0
805 0
806 4
807 3
808 0
809 3
810 2
811 3
812 3
813 3
814 3
815 0
816 4
817 3
818 4
819 3
820 3
821 3
822 4
823 3
824 3
825 3
826 3
827 4
828 0
829 0
830 4
831 0
832 4
833 4
834 4
835 3
836 3
837 4
838 4
839 3
840 3
841 0
842 3
843 4
844 0
845 0
846 4
847 4
848 3
849 0
850 2
851 4
852 3
853 1
854 0
855 3
856 0
857 3
858 3
859 3
860 3
861 3
862 4
863 2
864 1
865 4
866 4
867 1
868 4
869 3
870 3
871 3
872 0
873 0
874 2
875 2
876 4
877 4
878 4
879 4
880 4
881 4
882 3
883 1
884 4
885 3
886 3
887 0
888 3
889 4
890 2
891 4
892 2
893 3
894 0
895 3
896 0
897 3
898 0
899 0
900 3
901 0
902 0
903 0
904 3
905 3
906 3
907 3
908 3
909 3
910 3
911 3
912 2
913 3
914 3
915 1
916 0
917 3
918 1
919 0
920 0
921 1
922 4
923 0
924 0
925 4
926 4
927 0
928 3
929 4
930 4
931 3
932 2
933 0
934 1
935 3
936 3
937 4
938 0
939 3
940 0
941 3
942 2
943 3
944 1
945 3
946 0
947 3
948 2
949 1
950 1
951 1
952 4
953 1
954 4
955 3
956 4
957 2
958 3
959 3
960 3
961 3
962 0
963 1
964 0
965 1
966 3
967 1
968 3
969 3
970 3
971 0
972 1
973 3
974 4
975 0
976 3
977 3
978 3
979 0
980 3
981 4
982 3
983 3
984 0
985 3
986 3
987 3
988 3
989 3
990 3
991 0
992 3
993 2
994 1
995 1
996 0
997 0
998 0
999 4
1000 1
1001 0
1002 4
1003 4
1004 0
1005 0
1006 3
1007 4
1008 0
1009 4
1010 3
1011 3
1012 3
1013 3
1014 3
1015 3
1016 0
1017 3
1018 3
1019 3
1020 3
1021 3
1022 3
1023 3
1024 3
1025 3
1026 3
1027 3
1028 3
1029 3
1030 1
1031 3
1032 3
1033 3
1034 3
1035 3
1036 3
1037 3
1038 3
1039 3
1040 3
1041 3
1042 3
1043 3
1044 3
1045 3
1046 3
1047 3
1048 3
1049 3
1050 1
1051 3
1052 3
1053 3
1054 0
1055 3
1056 1
1057 3
1058 3
1059 3
1060 3
1061 3
1062 3
1063 3
1064 3
1065 3
1066 3
1067 3
1068 3
1069 3
1070 3
1071 3
1072 3
1073 4
1074 3
1075 3
1076 3
1077 3
1078 3
1079 3
1080 1
1081 3
1082 0
1083 0
1084 3
1085 0
1086 0
1087 3
1088 0
1089 4
1090 3
1091 3
1092 0
1093 0
1094 0
1095 3
1096 3
1097 0
1098 3
1099 4
1100 3
1101 4
1102 0
1103 1
1104 3
1105 4
1106 1
1107 3
1108 0
1109 1
1110 1
1111 3
1112 3
1113 1
1114 3
1115 3
1116 3
1117 3
1118 1
1119 3
1120 1
1121 4
1122 1
1123 4
1124 0
1125 3
1126 4
1127 4
1128 2
1129 4
1130 3
1131 1
1132 2
1133 1
1134 4
1135 0
1136 2
1137 0
1138 2
1139 3
1140 1
1141 4
1142 3
1143 3
1144 4
1145 0
1146 0
1147 0
1148 0
1149 0
1150 0
1151 0
1152 4
1153 3
1154 0
1155 3
1156 1
1157 3
1158 4
1159 3
1160 3
1161 2
1162 3
1163 1
1164 3
1165 3
1166 1
1167 0
1168 2
1169 3
1170 4
1171 0
1172 1
1173 1
1174 2
1175 3
1176 1
1177 3
1178 1
1179 1
1180 1
1181 1
1182 3
1183 1
1184 1
1185 1
1186 1
1187 1
1188 1
1189 1
1190 1
1191 3
1192 4
1193 1
1194 0
1195 3
1196 3
1197 3
1198 4
1199 3
1200 3
1201 3
1202 4
1203 3
1204 3
1205 3
1206 3
1207 3
1208 3
1209 1
1210 0
1211 2
1212 0
1213 3
1214 2
1215 3
1216 2
1217 3
1218 1
1219 3
1220 0
1221 3
1222 3
1223 3
1224 3
1225 2
1226 1
1227 1
1228 0
1229 0
1230 1
1231 4
1232 2
1233 3
1234 0
1235 2
1236 2
1237 1
1238 2
1239 4
1240 1
1241 4
1242 4
1243 3
1244 1
1245 2
1246 1
1247 0
1248 0
1249 0
1250 0
1251 4
1252 4
1253 0
1254 0
1255 2
1256 2
1257 0
1258 0
1259 2
1260 4
1261 3
1262 4
1263 2
1264 2
1265 0
1266 4
1267 4
1268 4
1269 1
1270 0
1271 4
1272 4
1273 3
1274 2
1275 4
1276 2
1277 3
1278 3
1279 2
1280 0
1281 0
1282 0
1283 2
1284 2
1285 2
1286 2
1287 2
1288 2
1289 2
1290 2
1291 3
1292 0
1293 1
1294 0
1295 0
1296 2
1297 2
1298 2
1299 2
1300 4
1301 3
1302 0
1303 2
1304 4
1305 4
1306 0
1307 2
1308 4
1309 2
1310 0
1311 0
1312 4
1313 0
1314 1
1315 3
1316 4
1317 4
1318 2
1319 2
1320 4
1321 2
1322 2
1323 2
1324 4
1325 0
1326 1
1327 4
1328 2
1329 2
1330 2
1331 2
1332 0
1333 2
1334 4
1335 0
1336 0
1337 2
1338 0
1339 0
1340 3
1341 0
1342 3
1343 4
1344 1
1345 2
1346 0
1347 2
1348 2
1349 2
1350 4
1351 4
1352 2
1353 2
1354 0
1355 1
1356 0
1357 2
1358 0
1359 3
1360 0
1361 4
1362 3
1363 4
1364 2
1365 3
1366 4
1367 2
1368 0
1369 3
1370 2
1371 0
1372 2
1373 4
1374 4
1375 3
1376 2
1377 2
1378 2
1379 2
1380 2
1381 2
1382 2
1383 2
1384 2
1385 3
1386 0
1387 4
1388 0
1389 2
1390 4
1391 2
1392 2
1393 4
1394 0
1395 0
1396 0
1397 3
1398 0
1399 4
1400 0
1401 0
1402 0
1403 2
1404 0
1405 4
1406 2
1407 2
1408 0
1409 2
1410 3
1411 4
1412 0
1413 3
1414 0
1415 0
1416 4
1417 4
1418 4
1419 3
1420 2
1421 4
1422 4
1423 0
1424 4
1425 0
1426 2
1427 4
1428 2
1429 2
1430 2
1431 0
1432 4
1433 2
1434 2
1435 0
1436 0
1437 2
1438 2
1439 0
1440 0
1441 0
1442 0
1443 0
1444 4
1445 2
1446 2
1447 4
1448 0
1449 2
1450 4
1451 2
1452 4
1453 2
1454 2
1455 0
1456 2
1457 0
1458 2
1459 4
1460 4
1461 2
1462 0
1463 2
1464 4
1465 2
1466 2
1467 2
1468 2
1469 0
1470 2
1471 4
1472 0
1473 3
1474 2
1475 3
1476 4
1477 4
1478 2
1479 2
1480 4
1481 2
1482 0
1483 2
1484 2
1485 4
1486 0
1487 4
1488 0
1489 0
1490 0
1491 0
1492 2
1493 4
1494 2
1495 2
1496 2
1497 2
1498 0
1499 2
1500 3
1501 4
1502 3
1503 4
1504 0
1505 0
1506 2
1507 4
1508 0
1509 4
1510 0
1511 0
1512 4
1513 0
1514 0
1515 4
1516 0
1517 4
1518 0
1519 4
1520 2
1521 4
1522 4
1523 3
1524 4
1525 2
1526 2
1527 4
1528 4
1529 0
1530 3
1531 3
1532 3
1533 0
1534 0
1535 0
1536 2
1537 3
1538 4
1539 0
1540 0
1541 4
1542 0
1543 0
1544 2
1545 4
1546 0
1547 0
1548 3
1549 2
1550 0
1551 0
1552 4
1553 4
1554 2
1555 0
1556 4
1557 4
1558 0
1559 2
1560 3
1561 3
1562 2
1563 2
1564 0
1565 0
1566 2
1567 0
1568 0
1569 0
1570 2
1571 2
1572 2
1573 4
1574 3
1575 4
1576 4
1577 2
1578 4
1579 0
1580 2
1581 2
1582 4
1583 4
1584 4
1585 0
1586 4
1587 0
1588 4
1589 4
1590 2
1591 4
1592 4
1593 4
1594 2
1595 2
1596 2
1597 4
1598 2
1599 4
1600 4
1601 4
1602 2
1603 0
1604 4
1605 4
1606 3
1607 1
1608 4
1609 0
1610 2
1611 4
1612 0
1613 2
1614 2
1615 2
1616 0
1617 0
1618 0
1619 1
1620 4
1621 0
1622 4
1623 0
1624 2
1625 0
1626 4
1627 3
1628 4
1629 4
1630 0
1631 0
1632 4
1633 4
1634 0
1635 4
1636 3
1637 2
1638 0
1639 0
1640 2
1641 3
1642 2
1643 1
1644 2
1645 0
1646 2
1647 4
1648 0
1649 0
1650 0
1651 0
1652 1
1653 4
1654 4
1655 2
1656 4
1657 0
1658 0
1659 4
1660 0
1661 2
1662 2
1663 0
1664 2
1665 0
1666 4
1667 4
1668 1
1669 4
1670 3
1671 4
1672 4
1673 4
1674 2
1675 4
1676 0
1677 4
1678 0
1679 0
1680 0
1681 2
1682 4
1683 4
1684 0
1685 2
1686 4
1687 0
1688 2
1689 2
1690 2
1691 4
1692 0
1693 0
1694 0
1695 0
1696 2
1697 4
1698 3
1699 0
1700 0
1701 0
1702 3
1703 3
1704 4
1705 2
1706 4
1707 2
1708 4
1709 2
1710 4
1711 0
1712 0
1713 2
1714 2
1715 3
1716 2
1717 4
1718 0
1719 0
1720 2
1721 4
1722 0
1723 1
1724 4
1725 4
1726 3
1727 0
1728 4
1729 0
1730 2
1731 2
1732 2
1733 3
1734 3
1735 0
1736 4
1737 0
1738 4
1739 4
1740 3
1741 4
1742 4
1743 4
1744 3
1745 0
1746 4
1747 0
1748 2
1749 4
1750 4
1751 0
1752 2
1753 4
1754 2
1755 4
1756 4
1757 2
1758 4
1759 2
1760 2
1761 0
1762 3
1763 4
1764 0
1765 0
1766 0
1767 0
1768 2
1769 4
1770 4
1771 0
1772 0
1773 2
1774 2
1775 2
1776 1
1777 0
1778 0
1779 2
1780 3
1781 0
1782 2
1783 2
1784 0
1785 0
1786 3
1787 0
1788 2
1789 4
1790 3
1791 0
1792 2
1793 2
1794 2
1795 0
1796 0
1797 0
1798 0
1799 2
1800 0
1801 0
1802 0
1803 2
1804 0
1805 0
1806 4
1807 2
1808 0
1809 0
1810 4
1811 2
1812 4
1813 4
1814 1
1815 0
1816 0
1817 2
1818 4
1819 4
1820 0
1821 4
1822 2
1823 2
1824 0
1825 2
1826 3
1827 2
1828 3
1829 0
1830 4
1831 2
1832 1
1833 0
1834 3
1835 4
1836 2
1837 0
1838 4
1839 4
1840 3
1841 2
1842 2
1843 2
1844 0
1845 2
1846 0
1847 2
1848 1
1849 1
1850 1
1851 3
1852 0
1853 1
1854 1
1855 3
1856 4
1857 2
1858 3
1859 1
1860 0
1861 3
1862 4
1863 3
1864 4
1865 0
1866 1
1867 0
1868 2
1869 2
1870 4
1871 0
1872 2
1873 2
1874 2
1875 4
1876 1
1877 3
1878 1
1879 4
1880 2
1881 2
1882 0
1883 4
1884 0
1885 0
1886 0
1887 2
1888 2
1889 2
1890 4
1891 3
1892 2
1893 0
1894 2
1895 4
1896 0
1897 2
1898 2
1899 4
1900 4
1901 2
1902 0
1903 4
1904 4
1905 2
1906 2
1907 4
1908 0
1909 2
1910 2
1911 0
1912 0
1913 2
1914 4
1915 2
1916 0
1917 2
1918 0
1919 0
1920 1
1921 4
1922 3
1923 2
1924 2
1925 2
1926 0
1927 0
1928 2
1929 2
1930 4
1931 0
1932 3
1933 0
1934 0
1935 2
1936 0
1937 4
1938 4
1939 0
1940 2
1941 4
1942 4
1943 3
1944 4
1945 4
1946 0
1947 0
1948 1
1949 0
1950 3
1951 0
1952 2
1953 4
1954 4
1955 4
1956 0
1957 0
1958 2
1959 0
1960 3
1961 2
1962 0
1963 2
1964 3
1965 2
1966 2
1967 4
1968 1
1969 2
1970 2
1971 2
1972 0
1973 2
1974 4
1975 0
1976 2
1977 4
1978 0
1979 0
1980 1
1981 2
1982 3
1983 0
1984 1
1985 0
1986 2
1987 0
1988 0
1989 0
1990 0
1991 2
1992 4
1993 2
1994 2
1995 3
1996 0
1997 4
1998 4
1999 4
2000 4
2001 2
2002 0
2003 2
2004 2
2005 3
2006 1
2007 0
2008 0
2009 2
2010 4
2011 1
2012 0
2013 1
2014 3
2015 3
2016 2
2017 1
2018 4
2019 0
2020 0
2021 2
2022 0
2023 4
2024 2
2025 3
2026 3
2027 0
2028 3
2029 2
2030 4
2031 0
2032 1
2033 4
2034 4
2035 4
2036 2
2037 4
2038 4
2039 4
2040 2
2041 4
2042 0
2043 2
2044 0
2045 2
2046 4
2047 0
2048 1
2049 4
2050 3
2051 4
2052 4
2053 1
2054 0
2055 0
2056 2
2057 2
2058 2
2059 2
2060 2
2061 0
2062 2
2063 1
2064 2
2065 2
2066 3
2067 0
2068 0
2069 0
2070 2
2071 4
2072 2
2073 3
2074 0
2075 2
2076 0
2077 4
2078 0
2079 2
2080 3
2081 0
2082 4
2083 2
2084 2
2085 4
2086 2
2087 3
2088 2
2089 0
2090 2
2091 0
2092 0
2093 1
2094 1
2095 1
2096 0
2097 0
2098 1
2099 4
2100 2
2101 4
2102 1
2103 3
2104 0
2105 4
2106 0
2107 2
2108 1
2109 4
2110 1
2111 0
2112 0
2113 0
2114 2
2115 2
2116 1
2117 1
2118 1
2119 0
2120 3
2121 2
2122 4
2123 3
2124 0
2125 1
2126 1
2127 0
2128 0
2129 4
2130 4
2131 1
2132 0
2133 1
2134 1
2135 1
2136 0
2137 0
2138 3
2139 4
2140 0
2141 4
2142 0
2143 1
2144 1
2145 2
2146 0
2147 4
2148 1
2149 3
2150 1
2151 0
2152 0
2153 4
2154 3
2155 3
2156 0
2157 0
2158 0
2159 0
2160 0
2161 1
2162 1
2163 1
2164 3
2165 3
2166 0
2167 0
2168 1
2169 1
2170 0
2171 0
2172 1
2173 2
2174 0
2175 4
2176 4
2177 4
2178 1
2179 3
2180 0
2181 1
2182 0
2183 1
2184 1
2185 4
2186 3
2187 3
2188 1
2189 0
2190 0
2191 2
2192 1
2193 1
2194 1
2195 4
2196 0
2197 4
2198 0
2199 3
2200 0
2201 0
2202 0
2203 3
2204 0
2205 0
2206 1
2207 1
2208 0
2209 0
2210 4
2211 4
2212 0
2213 0
2214 0
2215 2
2216 0
2217 2
2218 0
2219 2
2220 4
2221 0
2222 4
2223 4
2224 3
2225 0
2226 0
2227 2
2228 0
2229 0
2230 2
2231 0
2232 4
2233 4
2234 0
2235 2
2236 4
2237 0
2238 0
2239 0
2240 3
2241 1
2242 4
2243 4
2244 2
2245 4
2246 3
2247 0
2248 2
2249 4
2250 2
2251 0
2252 4
2253 3
2254 0
2255 3
2256 0
2257 4
2258 2
2259 2
2260 2
2261 2
2262 2
2263 2
2264 2
2265 4
2266 4
2267 4
2268 4
2269 2
2270 4
2271 0
2272 2
2273 3
2274 3
2275 0
2276 0
2277 2
2278 4
2279 0
2280 0
2281 4
2282 0
2283 2
2284 0
2285 3
2286 0
2287 4
2288 0
2289 2
2290 2
2291 0
2292 0
2293 2
2294 2
2295 3
2296 4
2297 4
2298 4
2299 4
2300 2
2301 0
2302 0
2303 2
2304 4
2305 2
2306 0
2307 4
2308 4
2309 0
2310 4
2311 2
2312 0
2313 2
2314 1
2315 2
2316 0
2317 2
2318 2
2319 2
2320 0
2321 4
2322 4
2323 0
2324 4
2325 2
2326 4
2327 0
2328 0
2329 2
2330 0
2331 2
2332 0
2333 0
2334 0
2335 0
2336 3
2337 4
2338 4
2339 0
2340 0
2341 2
2342 0
2343 0
2344 0
2345 4
2346 2
2347 4
2348 4
2349 2
2350 2
2351 3
2352 2
2353 3
2354 4
2355 4
2356 4
2357 1
2358 4
2359 3
2360 2
2361 3
2362 2
2363 2
2364 0
2365 4
2366 4
2367 2
2368 3
2369 0
2370 4
2371 0
2372 0
2373 4
2374 0
2375 3
2376 3
2377 0
2378 2
2379 2
2380 0
2381 4
2382 1
2383 3
2384 0
2385 2
2386 0
2387 0
2388 0
2389 3
2390 2
2391 4
2392 2
2393 2
2394 3
2395 4
2396 3
2397 3
2398 2
2399 0
2400 4
2401 0
2402 0
2403 0
2404 0
2405 4
2406 0
2407 0
2408 2
2409 0
2410 4
2411 0
2412 1
2413 2
2414 4
2415 0
2416 3
2417 4
2418 0
2419 1
2420 2
2421 3
2422 4
2423 4
2424 4
2425 3
2426 4
2427 2
2428 2
2429 0
2430 3
2431 0
2432 4
2433 0
2434 4
2435 2
2436 2
2437 4
2438 1
2439 2
2440 2
2441 3
2442 3
2443 4
2444 3
2445 0
2446 3
2447 0
2448 2
2449 0
2450 0
2451 0
2452 4
2453 0
2454 2
2455 2
2456 3
2457 3
2458 0
2459 0
2460 4
2461 3
2462 4
2463 3
2464 3
2465 4
2466 3
2467 0
2468 0
2469 4
2470 2
2471 4
2472 4
2473 3
2474 0
2475 2
2476 3
2477 4
2478 0
2479 0
2480 2
2481 0
2482 3
2483 1
2484 3
2485 2
2486 0
2487 4
2488 0
2489 4
2490 0
2491 2
2492 4
2493 4
2494 2
2495 0
2496 0
2497 0
2498 4
2499 2
2500 3
2501 3
2502 3
2503 3
2504 3
2505 3
2506 3
2507 3
2508 3
2509 1
2510 3
2511 3
2512 4
2513 0
2514 4
2515 2
2516 3
2517 3
2518 2
2519 0
2520 0
2521 4
2522 3
2523 1
2524 0
2525 0
2526 3
2527 2
2528 4
2529 4
2530 4
2531 3
2532 0
2533 2
2534 4
2535 0
2536 0
2537 3
2538 0
2539 4
2540 4
2541 4
2542 3
2543 4
2544 3
2545 0
2546 4
2547 3
2548 4
2549 0
2550 4
2551 3
2552 4
2553 4
2554 4
2555 0
2556 2
2557 1
2558 2
2559 0
2560 4
2561 1
2562 4
2563 3
2564 2
2565 4
2566 2
2567 0
2568 1
2569 4
2570 3
2571 0
2572 4
2573 3
2574 3
2575 1
2576 1
2577 1
2578 1
2579 3
2580 1
2581 3
2582 1
2583 1
2584 1
2585 3
2586 0
2587 1
2588 4
2589 2
2590 1
2591 1
2592 3
2593 0
2594 0
2595 0
2596 4
2597 2
2598 0
2599 1
2600 0
2601 0
2602 4
2603 0
2604 2
2605 0
2606 2
2607 2
2608 4
2609 0
2610 2
2611 2
2612 3
2613 2
2614 3
2615 4
2616 4
2617 4
2618 4
2619 4
2620 0
2621 0
2622 4
2623 4
2624 1
2625 2
2626 0
2627 3
2628 2
2629 0
2630 3
2631 2
2632 2
2633 2
2634 4
2635 3
2636 2
2637 2
2638 4
2639 4
2640 2
2641 4
2642 2
2643 4
2644 0
2645 0
2646 2
2647 4
2648 2
2649 0
2650 4
2651 2
2652 1
2653 4
2654 0
2655 0
2656 0
2657 4
2658 0
2659 3
2660 3
2661 0
2662 2
2663 2
2664 0
2665 2
2666 1
2667 2
2668 4
2669 4
2670 0
2671 4
2672 0
2673 3
2674 0
2675 0
2676 3
2677 4
2678 2
2679 2
2680 2
2681 2
2682 0
2683 0
2684 4
2685 2
2686 0
2687 4
2688 0
2689 3
2690 0
2691 3
2692 4
2693 3
2694 0
2695 0
2696 1
2697 4
2698 2
2699 4
2700 4
2701 3
2702 3
2703 4
2704 3
2705 2
2706 0
2707 0
2708 2
2709 4
2710 0
2711 0
2712 4
2713 0
2714 0
2715 4
2716 3
2717 3
2718 3
2719 2
2720 4
2721 3
2722 4
2723 2
2724 4
2725 0
2726 0
2727 3
2728 3
2729 0
2730 3
2731 4
2732 0
2733 4
2734 0
2735 4
2736 2
2737 4
2738 0
2739 2
2740 4
2741 0
2742 3
2743 4
2744 4
2745 4
2746 4
2747 4
2748 4
2749 2
2750 3
2751 4
2752 0
2753 4
2754 2
2755 2
2756 3
2757 2
2758 4
2759 2
2760 3
2761 0
2762 2
2763 1
2764 0
2765 3
2766 4
2767 4
2768 0
2769 1
2770 3
2771 4
2772 3
2773 3
2774 3
2775 3
2776 0
2777 3
2778 0
2779 4
2780 0
2781 3
2782 0
2783 2
2784 2
2785 3
2786 2
2787 0
2788 0
2789 3
2790 0
2791 2
2792 0
2793 3
2794 0
2795 2
2796 0
2797 0
2798 0
2799 0
2800 3
2801 0
2802 0
2803 2
2804 0
2805 0
2806 3
2807 0
2808 0
2809 4
2810 0
2811 3
2812 4
2813 0
2814 3
2815 2
2816 3
2817 3
2818 3
2819 3
2820 3
2821 4
2822 4
2823 4
2824 4
2825 3
2826 4
2827 4
2828 4
2829 2
2830 4
2831 4
2832 3
2833 4
2834 4
2835 4
2836 4
2837 4
2838 4
2839 0
2840 0
2841 4
2842 4
2843 0
2844 4
2845 4
2846 4
2847 4
2848 4
2849 2
2850 4
2851 3
2852 2
2853 2
2854 2
2855 4
2856 4
2857 3
2858 4
2859 3
2860 3
2861 2
2862 3
2863 4
2864 4
2865 4
2866 3
2867 3
2868 3
2869 0
2870 0
2871 1
2872 3
2873 4
2874 3
2875 3
2876 0
2877 0
2878 3
2879 2
2880 0
2881 2
2882 4
2883 4
2884 2
2885 0
2886 4
2887 2
2888 3
2889 3
2890 4
2891 3
2892 2
2893 3
2894 3
2895 3
2896 4
2897 4
2898 2
2899 4
2900 4
2901 0
2902 2
2903 0
2904 3
2905 4
2906 0
2907 4
2908 2
2909 0
2910 3
2911 3
2912 3
2913 4
2914 4
2915 0
2916 2
2917 4
2918 3
2919 4
2920 3
2921 0
2922 0
2923 0
2924 0
2925 0
2926 1
2927 3
2928 0
2929 0
2930 3
2931 3
2932 2
2933 0
2934 3
2935 3
2936 3
2937 0
2938 3
2939 4
2940 2
2941 3
2942 0
2943 4
2944 4
2945 0
2946 4
2947 3
2948 0
2949 0
2950 2
2951 2
2952 2
2953 0
2954 2
2955 0
2956 0
2957 4
2958 0
2959 4
2960 2
2961 4
2962 0
2963 3
2964 4
2965 2
2966 4
2967 2
2968 4
2969 0
2970 2
2971 4
2972 3
2973 0
2974 3
2975 4
2976 3
2977 0
2978 0
2979 4
2980 0
2981 0
2982 4
2983 4
2984 4
2985 2
2986 0
2987 1
2988 0
2989 2
2990 3
2991 4
2992 4
2993 0
2994 2
2995 2
2996 4
2997 0
2998 0
2999 2
3000 0
3001 4
3002 3
3003 3
3004 4
3005 4
3006 4
3007 0
3008 0
3009 2
3010 4
3011 2
3012 0
3013 3
3014 0
3015 4
3016 3
3017 4
3018 4
3019 0
3020 3
3021 3
3022 3
3023 3
3024 3
3025 0
3026 0
3027 0
3028 0
3029 0
3030 2
3031 2
3032 3
3033 3
3034 1
3035 2
3036 0
3037 2
3038 3
3039 3
3040 3
3041 3
3042 3
3043 3
3044 2
3045 3
3046 1
3047 2
3048 3
3049 1
3050 3
3051 3
3052 3
3053 2
3054 0
3055 2
3056 1
3057 3
3058 1
3059 3
3060 1
3061 1
3062 4
3063 1
3064 1
3065 1
3066 1
3067 1
3068 3
3069 3
3070 1
3071 3
3072 1
3073 1
3074 1
3075 1
3076 1
3077 3
3078 3
3079 3
3080 1
3081 1
3082 3
3083 1
3084 1
3085 1
3086 1
3087 3
3088 1
3089 1
3090 3
3091 1
3092 3
3093 1
3094 1
3095 1
3096 3
3097 1
3098 1
3099 3
3100 3
3101 1
3102 3
3103 1
3104 3
3105 1
3106 1
3107 1
3108 1
3109 1
3110 1
3111 3
3112 1
3113 3
3114 1
3115 3
3116 1
3117 1
3118 3
3119 1
3120 1
3121 0
3122 1
3123 1
3124 1
3125 1
3126 1
3127 1
3128 1
3129 1
3130 3
3131 1
3132 1
3133 3
3134 1
3135 1
3136 1
3137 1
3138 1
3139 1
3140 3
3141 3
3142 1
3143 3
3144 1
3145 3
3146 1
3147 3
3148 1
3149 3
3150 1
3151 3
3152 1
3153 1
3154 1
3155 3
3156 1
3157 1
3158 1
3159 1
3160 1
3161 0
3162 3
3163 1
3164 1
3165 1
3166 3
3167 1
3168 1
3169 1
3170 3
3171 1
3172 3
3173 1
3174 1
3175 3
3176 3
3177 1
3178 1
3179 1
3180 3
3181 1
3182 1
3183 1
3184 1
3185 1
3186 3
3187 1
3188 1
3189 1
3190 1
3191 1
3192 1
3193 1
3194 1
3195 1
3196 1
3197 1
3198 3
3199 1
3200 3
3201 1
3202 1
3203 1
3204 1
3205 0
3206 1
3207 1
3208 1
3209 3
3210 4
3211 1
3212 1
3213 1
3214 1
3215 1
3216 1
3217 3
3218 1
3219 3
3220 1
3221 1
3222 1
3223 1
3224 1
3225 1
3226 3
3227 3
3228 1
3229 1
3230 3
3231 1
3232 1
3233 1
3234 1
3235 3
3236 4
3237 4
3238 0
3239 4
3240 3
3241 4
3242 0
3243 0
3244 2
3245 4
3246 4
3247 0
3248 4
3249 2
3250 2
3251 4
3252 3
3253 0
3254 0
3255 4
3256 4
3257 1
3258 4
3259 2
3260 2
3261 0
3262 0
3263 0
3264 0
3265 0
3266 3
3267 4
3268 0
3269 0
3270 3
3271 4
3272 3
3273 4
3274 1
3275 3
3276 2
3277 0
3278 4
3279 0
3280 2
3281 0
3282 4
3283 2
3284 0
3285 4
3286 0
3287 4
3288 4
3289 0
3290 2
3291 3
3292 3
3293 2
3294 2
3295 2
3296 0
3297 2
3298 0
3299 4
3300 4
3301 4
3302 0
3303 0
3304 2
3305 4
3306 0
3307 2
3308 4
3309 2
3310 4
3311 0
3312 3
3313 0
3314 0
3315 0
3316 0
3317 0
3318 4
3319 0
3320 2
3321 3
3322 0
3323 4
3324 0
3325 0
3326 4
3327 2
3328 0
3329 2
3330 4
3331 0
3332 4
3333 3
3334 0
3335 3
3336 4
3337 1
3338 3
3339 3
3340 3
3341 3
3342 3
3343 3
3344 0
3345 0
3346 1
3347 3
3348 3
3349 1
3350 3
3351 3
3352 3
3353 3
3354 3
3355 3
3356 3
3357 3
3358 3
3359 3
3360 3
3361 3
3362 3
3363 0
3364 2
3365 3
3366 3
3367 0
3368 3
3369 0
3370 0
3371 0
3372 4
3373 2
3374 2
3375 3
3376 4
3377 3
3378 3
3379 2
3380 0
3381 3
3382 2
3383 0
3384 4
3385 4
3386 4
3387 4
3388 4
3389 3
3390 0
3391 1
3392 0
3393 4
3394 2
3395 0
3396 2
3397 0
3398 4
3399 2
3400 2
3401 2
3402 4
3403 0
3404 3
3405 4
3406 4
3407 4
3408 3
3409 3
3410 2
3411 4
3412 2
3413 4
3414 3
3415 2
3416 0
3417 2
3418 0
3419 0
3420 3
3421 4
3422 3
3423 4
3424 3
3425 0
3426 0
3427 0
3428 4
3429 0
3430 0
3431 3
3432 2
3433 2
3434 2
3435 2
3436 2
3437 0
3438 4
3439 0
3440 0
3441 4
3442 4
3443 4
3444 2
3445 4
3446 0
3447 4
3448 4
3449 4
3450 0
3451 0
3452 0
3453 2
3454 2
3455 2
3456 0
3457 2
3458 4
3459 0
3460 0
3461 4
3462 4
3463 2
3464 0
3465 3
3466 2
3467 0
3468 0
3469 4
3470 2
3471 4
3472 0
3473 1
3474 4
3475 4
3476 4
3477 2
3478 2
3479 4
3480 4
3481 2
3482 2
3483 2
3484 2
3485 3
3486 0
3487 2
3488 0
3489 2
3490 4
3491 4
3492 0
3493 0
3494 4
3495 2
3496 2
3497 3
3498 2
3499 2
3500 4
3501 4
3502 2
3503 4
3504 4
3505 4
3506 2
3507 2
3508 3
3509 0
3510 4
3511 2
3512 2
3513 3
3514 2
3515 4
3516 4
3517 0
3518 0
3519 4
3520 2
3521 0
3522 0
3523 2
3524 2
3525 4
3526 2
3527 0
3528 4
3529 0
3530 2
3531 3
3532 0
3533 3
3534 0
3535 0
3536 0
3537 0
3538 2
3539 2
3540 0
3541 0
3542 4
3543 2
3544 4
3545 2
3546 3
3547 4
3548 4
3549 4
3550 4
3551 0
3552 0
3553 0
3554 3
3555 4
3556 2
3557 2
3558 2
3559 4
3560 0
3561 0
3562 0
3563 3
3564 2
3565 4
3566 0
3567 4
3568 0
3569 4
3570 0
3571 3
3572 0
3573 3
3574 4
3575 3
3576 0
3577 3
3578 0
3579 2
3580 2
3581 0
3582 4
3583 0
3584 3
3585 0
3586 0
3587 2
3588 0
3589 2
3590 4
3591 4
3592 4
3593 4
3594 2
3595 4
3596 3
3597 0
3598 4
3599 0
3600 4
3601 2
3602 3
3603 4
3604 0
3605 0
3606 3
3607 4
3608 3
3609 4
3610 4
3611 4
3612 4
3613 0
3614 3
3615 2
3616 1
3617 0
3618 2
3619 0
3620 2
3621 2
3622 0
3623 4
3624 2
3625 0
3626 0
3627 4
3628 0
3629 2
3630 0
3631 4
3632 4
3633 3
3634 0
3635 0
3636 2
3637 3
3638 4
3639 4
3640 4
3641 4
3642 0
3643 3
3644 2
3645 0
3646 3
3647 4
3648 2
3649 4
3650 0
3651 0
3652 4
3653 0
3654 0
3655 2
3656 1
3657 3
3658 4
3659 2
3660 2
3661 2
3662 0
3663 2
3664 0
3665 2
3666 0
3667 2
3668 0
3669 2
3670 4
3671 3
3672 0
3673 4
3674 2
3675 0
3676 4
3677 4
3678 2
3679 2
3680 4
3681 4
3682 3
3683 2
3684 1
3685 1
3686 1
3687 0
3688 1
3689 1
3690 1
3691 1
3692 1
3693 1
3694 1
3695 1
3696 1
3697 3
3698 1
3699 3
3700 3
3701 1
3702 1
3703 4
3704 1
3705 1
3706 1
3707 3
3708 3
3709 3
3710 3
3711 1
3712 1
3713 1
3714 0
3715 3
3716 1
3717 1
3718 1
3719 1
3720 3
3721 1
3722 3
3723 4
3724 3
3725 3
3726 1
3727 1
3728 1
3729 1
3730 3
3731 1
3732 1
3733 3
3734 3
3735 3
3736 1
3737 1
3738 1
3739 1
3740 3
3741 1
3742 1
3743 1
3744 1
3745 1
3746 3
3747 1
3748 1
3749 3
3750 3
3751 1
3752 3
3753 3
3754 1
3755 1
3756 1
3757 3
3758 1
3759 1
3760 1
3761 0
3762 1
3763 1
3764 1
3765 3
3766 3
3767 1
3768 3
3769 1
3770 3
3771 1
3772 1
3773 1
3774 4
3775 3
3776 4
3777 1
3778 1
3779 1
3780 3
3781 1
3782 1
3783 1
3784 1
3785 3
3786 1
3787 1
3788 1
3789 1
3790 3
3791 2
3792 3
3793 3
3794 1
3795 1
3796 1
3797 3
3798 4
3799 1
3800 1
3801 1
3802 3
3803 1
3804 1
3805 1
3806 3
3807 1
3808 1
3809 3
3810 3
3811 1
3812 3
3813 1
3814 1
3815 3
3816 3
3817 1
3818 1
3819 1
3820 1
3821 1
3822 1
3823 3
3824 1
3825 3
3826 3
3827 1
3828 1
3829 3
3830 1
3831 3
3832 1
3833 3
3834 1
3835 1
3836 1
3837 1
3838 1
3839 1
3840 1
3841 3
3842 3
3843 3
3844 1
3845 1
3846 3
3847 1
3848 1
3849 1
3850 1
3851 1
3852 1
3853 1
3854 0
3855 0
3856 2
3857 2
3858 2
3859 0
3860 3
3861 3
3862 0
3863 2
3864 2
3865 3
3866 2
3867 4
3868 4
3869 4
3870 4
3871 4
3872 4
3873 4
3874 4
3875 4
3876 4
3877 3
3878 3
3879 2
3880 2
3881 4
3882 4
3883 3
3884 4
3885 2
3886 2
3887 0
3888 0
3889 2
3890 4
3891 2
3892 4
3893 2
3894 2
3895 4
3896 2
3897 0
3898 0
3899 2
3900 4
3901 0
3902 3
3903 2
3904 2
3905 4
3906 2
3907 2
3908 0
3909 2
3910 4
3911 3
3912 0
3913 2
3914 2
3915 0
3916 4
3917 0
3918 3
3919 4
3920 0
3921 3
3922 0
3923 0
3924 0
3925 0
3926 2
3927 1
3928 2
3929 4
3930 2
3931 2
3932 4
3933 4
3934 2
3935 4
3936 3
3937 2
3938 4
3939 0
3940 2
3941 2
3942 0
3943 2
3944 0
3945 3
3946 2
3947 3
3948 3
3949 4
3950 4
3951 4
3952 4
3953 3
3954 0
3955 0
3956 4
3957 2
3958 4
3959 4
3960 0
3961 2
3962 2
3963 2
3964 3
3965 0
3966 3
3967 3
3968 2
3969 4
3970 0
3971 0
3972 2
3973 4
3974 4
3975 4
3976 4
3977 0
3978 0
3979 4
3980 3
3981 2
3982 4
3983 4
3984 3
3985 0
3986 0
3987 2
3988 3
3989 0
3990 2
3991 0
3992 2
3993 3
3994 4
3995 3
3996 1
3997 0
3998 2
3999 4
4000 4
4001 4
4002 4
4003 3
4004 3
4005 2
4006 2
4007 4
4008 3
4009 4
4010 2
4011 0
4012 4
4013 2
4014 4
4015 4
4016 2
4017 4
4018 4
4019 3
4020 4
4021 0
4022 0
4023 0
4024 2
4025 2
4026 0
4027 4
4028 4
4029 4
4030 4
4031 4
4032 2
4033 4
4034 3
4035 2
4036 0
4037 0
4038 0
4039 0
4040 2
4041 4
4042 2
4043 4
4044 0
4045 2
4046 4
4047 2
4048 0
4049 4
4050 4
4051 0
4052 4
4053 2
4054 2
4055 0
4056 0
4057 2
4058 2
4059 2
4060 4
4061 2
4062 0
4063 4
4064 4
4065 0
4066 2
4067 2
4068 4
4069 3
4070 0
4071 3
4072 0
4073 2
4074 4
4075 2
4076 2
4077 3
4078 4
4079 2
4080 0
4081 4
4082 4
4083 4
4084 0
4085 2
4086 4
4087 4
4088 4
4089 0
4090 4
4091 4
4092 2
4093 2
4094 0
4095 0
4096 0
4097 2
4098 4
4099 3
4100 0
4101 4
4102 0
4103 4
4104 2
4105 0
4106 4
4107 2
4108 0
4109 4
4110 3
4111 2
4112 2
4113 2
4114 4
4115 4
4116 0
4117 3
4118 0
4119 3
4120 2
4121 0
4122 2
4123 3
4124 3
4125 0
4126 0
4127 2
4128 4
4129 2
4130 3
4131 4
4132 0
4133 4
4134 0
4135 3
4136 2
4137 0
4138 3
4139 2
4140 0
4141 0
4142 1
4143 4
4144 0
4145 2
4146 4
4147 2
4148 2
4149 3
4150 2
4151 3
4152 0
4153 0
4154 0
4155 3
4156 2
4157 4
4158 4
4159 3
4160 3
4161 3
4162 3
4163 0
4164 4
4165 0
4166 0
4167 0
4168 3
4169 0
4170 3
4171 0
4172 4
4173 3
4174 0
4175 0
4176 3
4177 0
4178 4
4179 4
4180 4
4181 4
4182 4
4183 3
4184 2
4185 0
4186 2
4187 4
4188 4
4189 4
4190 4
4191 4
4192 4
4193 4
4194 4
4195 4
4196 4
4197 2
4198 4
4199 4
4200 0
4201 4
4202 4
4203 3
4204 3
4205 0
4206 3
4207 0
4208 4
4209 0
4210 3
4211 3
4212 0
4213 2
4214 3
4215 3
4216 3
4217 3
4218 3
4219 3
4220 3
4221 3
4222 4
4223 3
4224 3
4225 2
4226 3
4227 3
4228 3
4229 3
4230 3
4231 3
4232 3
4233 0
4234 3
4235 3
4236 3
4237 0
4238 4
4239 3
4240 3
4241 0
4242 4
4243 2
4244 3
4245 3
4246 3
4247 3
4248 3
4249 2
4250 0
4251 4
4252 0
4253 2
4254 4
4255 3
4256 4
4257 3
4258 3
4259 3
4260 3
4261 3
4262 3
4263 3
4264 3
4265 3
4266 4
4267 3
4268 4
4269 4
4270 2
4271 0
4272 0
4273 4
4274 3
4275 0
4276 3
4277 2
4278 3
4279 0
4280 3
4281 3
4282 3
4283 0
4284 3
4285 0
4286 2
4287 3
4288 0
4289 2
4290 3
4291 2
4292 4
4293 0
4294 4
4295 4
4296 2
4297 4
4298 4
4299 2
4300 4
4301 4
4302 4
4303 4
4304 4
4305 4
4306 4
4307 4
4308 4
4309 4
4310 4
4311 2
4312 3
4313 4
4314 4
4315 2
4316 3
4317 3
4318 0
4319 0
4320 3
4321 0
4322 3
4323 0
4324 0
4325 0
4326 3
4327 3
4328 0
4329 3
4330 3
4331 3
4332 2
4333 2
4334 0
4335 0
4336 2
4337 4
4338 0
4339 4
4340 0
4341 3
4342 1
4343 2
4344 2
4345 0
4346 2
4347 4
4348 4
4349 4
4350 4
4351 2
4352 4
4353 0
4354 4
4355 4
4356 2
4357 2
4358 0
4359 3
4360 4
4361 0
4362 4
4363 2
4364 4
4365 3
4366 3
4367 2
4368 2
4369 0
4370 3
4371 0
4372 0
4373 4
4374 4
4375 0
4376 4
4377 2
4378 2
4379 2
4380 0
4381 4
4382 0
4383 0
4384 0
4385 4
4386 2
4387 4
4388 3
4389 4
4390 0
4391 4
4392 0
4393 2
4394 4
4395 2
4396 3
4397 4
4398 4
4399 2
4400 3
4401 0
4402 4
4403 3
4404 2
4405 0
4406 2
4407 4
4408 3
4409 0
4410 4
4411 4
4412 2
4413 1
4414 2
4415 4
4416 4
4417 2
4418 0
4419 2
4420 2
4421 4
4422 2
4423 4
4424 4
4425 0
4426 2
4427 0
4428 3
4429 0
4430 0
4431 0
4432 2
4433 0
4434 4
4435 2
4436 2
4437 4
4438 0
4439 2
4440 4
4441 0
4442 2
4443 4
4444 2
4445 2
4446 0
4447 2
4448 4
4449 4
4450 0
4451 2
4452 2
4453 4
4454 0
4455 3
4456 4
4457 4
4458 2
4459 2
4460 2
4461 2
4462 4
4463 2
4464 4
4465 4
4466 2
4467 0
4468 4
4469 3
4470 4
4471 2
4472 3
4473 2
4474 2
4475 3
4476 4
4477 4
4478 3
4479 4
4480 4
4481 4
4482 0
4483 1
4484 0
4485 0
4486 0
4487 4
4488 2
4489 4
4490 3
4491 3
4492 2
4493 0
4494 0
4495 2
4496 0
4497 4
4498 4
4499 4
4500 2
4501 4
4502 2
4503 4
4504 2
4505 4
4506 3
4507 4
4508 4
4509 3
4510 4
4511 4
4512 0
4513 4
4514 2
4515 2
4516 0
4517 2
4518 2
4519 2
4520 3
4521 4
4522 2
4523 4
4524 0
4525 0
4526 3
4527 0
4528 2
4529 0
4530 1
4531 4
4532 4
4533 3
4534 1
4535 2
4536 2
4537 3
4538 2
4539 2
4540 4
4541 4
4542 4
4543 2
4544 2
4545 2
4546 0
4547 4
4548 4
4549 4
4550 3
4551 2
4552 4
4553 0
4554 0
4555 0
4556 0
4557 2
4558 0
4559 2
4560 2
4561 4
4562 0
4563 4
4564 3
4565 2
4566 0
4567 0
4568 0
4569 0
4570 2
4571 4
4572 2
4573 0
4574 0
4575 4
4576 4
4577 3
4578 3
4579 4
4580 2
4581 0
4582 4
4583 0
4584 4
4585 3
4586 3
4587 0
4588 0
4589 0
4590 0
4591 2
4592 4
4593 0
4594 4
4595 2
4596 3
4597 2
4598 0
4599 3
4600 0
4601 4
4602 0
4603 2
4604 2
4605 4
4606 3
4607 4
4608 1
4609 3
4610 1
4611 3
4612 1
4613 1
4614 1
4615 1
4616 1
4617 1
4618 0
4619 1
4620 3
4621 1
4622 1
4623 1
4624 1
4625 1
4626 1
4627 3
4628 1
4629 1
4630 1
4631 3
4632 3
4633 3
4634 1
4635 1
4636 1
4637 1
4638 3
4639 3
4640 1
4641 1
4642 1
4643 1
4644 1
4645 1
4646 1
4647 1
4648 1
4649 1
4650 1
4651 1
4652 3
4653 3
4654 1
4655 1
4656 1
4657 1
4658 3
4659 1
4660 3
4661 1
4662 1
4663 1
4664 3
4665 1
4666 1
4667 3
4668 1
4669 1
4670 1
4671 1
4672 1
4673 1
4674 3
4675 3
4676 1
4677 1
4678 1
4679 1
4680 4
4681 1
4682 3
4683 1
4684 1
4685 1
4686 1
4687 1
4688 1
4689 3
4690 1
4691 1
4692 1
4693 1
4694 3
4695 3
4696 1
4697 3
4698 1
4699 1
4700 1
4701 3
4702 3
4703 3
4704 1
4705 1
4706 1
4707 3
4708 3
4709 0
4710 1
4711 1
4712 1
4713 3
4714 1
4715 1
4716 1
4717 1
4718 1
4719 3
4720 3
4721 1
4722 2
4723 3
4724 1
4725 3
4726 1
4727 1
4728 1
4729 1
4730 3
4731 3
4732 1
4733 1
4734 1
4735 1
4736 1
4737 1
4738 3
4739 1
4740 1
4741 1
4742 3
4743 1
4744 1
4745 1
4746 1
4747 1
4748 1
4749 3
4750 1
4751 1
4752 1
4753 3
4754 1
4755 1
4756 3
4757 3
4758 1
4759 3
4760 1
4761 1
4762 1
4763 1
4764 3
4765 3
4766 1
4767 3
4768 1
4769 1
4770 3
4771 1
4772 1
4773 1
4774 1
4775 1
4776 3
4777 1
4778 1
4779 1
4780 1
4781 3
4782 3
4783 1
4784 4
4785 1
4786 3
4787 1
4788 1
4789 3
4790 1
4791 3
4792 3
4793 3
4794 1
4795 1
4796 1
4797 3
4798 1
4799 1
4800 3
4801 1
4802 1
4803 0
4804 1
4805 1
4806 1
4807 1
4808 1
4809 3
4810 3
4811 3
4812 1
4813 1
4814 1
4815 1
4816 1
4817 3
4818 3
4819 1
4820 1
4821 3
4822 3
4823 3
4824 3
4825 3
4826 1
4827 1
4828 1
4829 1
4830 1
4831 3
4832 3
4833 1
4834 1
4835 1
4836 1
4837 3
4838 1
4839 1
4840 3
4841 1
4842 1
4843 3
4844 1
4845 1
4846 1
4847 1
4848 1
4849 1
4850 3
4851 3
4852 1
4853 1
4854 1
4855 4
4856 1
4857 1
4858 1
4859 1
4860 3
4861 1
4862 1
4863 1
4864 1
4865 1
4866 1
4867 1
4868 3
4869 3
4870 1
4871 3
4872 3
4873 1
4874 1
4875 1
4876 1
4877 1
4878 1
4879 3
4880 1
4881 1
4882 1
4883 1
4884 1
4885 1
4886 1
4887 1
4888 1
4889 1
4890 3
4891 1
4892 1
4893 1
4894 1
4895 3
4896 1
4897 4
4898 3
4899 3
4900 1
4901 1
4902 3
4903 1
4904 1
4905 3
4906 3
4907 1
4908 1
4909 3
4910 1
4911 1
4912 1
4913 1
4914 1
4915 3
4916 1
4917 1
4918 1
4919 1
4920 1
4921 3
4922 1
4923 1
4924 1
4925 1
4926 1
4927 3
4928 1
4929 1
4930 3
4931 1
4932 1
4933 1
4934 3
4935 1
4936 1
4937 3
4938 1
4939 1
4940 1
4941 3
4942 3
4943 3
4944 3
4945 3
4946 3
4947 1
4948 1
4949 4
4950 1
4951 3
4952 1
4953 1
4954 3
4955 1
4956 1
4957 1
4958 1
4959 3
4960 1
4961 3
4962 3
4963 1
4964 1
4965 3
4966 1
4967 1
4968 3
4969 1
4970 1
4971 1
4972 1
4973 1
4974 3
4975 3
4976 1
4977 1
4978 1
4979 1
4980 2
4981 3
4982 1
4983 1
4984 3
4985 1
4986 4
4987 3
4988 1
4989 3
4990 3
4991 1
4992 3
4993 1
4994 1
4995 1
4996 3
4997 1
4998 1
4999 4
5000 1
5001 1
5002 4
5003 1
5004 1
5005 3
5006 1
5007 3
5008 1
5009 1
5010 0
5011 1
5012 1
5013 1
5014 1
5015 1
5016 3
5017 3
5018 1
5019 3
5020 1
5021 1
5022 1
5023 1
5024 3
5025 1
5026 1
5027 1
5028 1
5029 1
5030 3
5031 1
5032 1
5033 0
5034 1
5035 1
5036 1
5037 1
5038 1
5039 1
5040 1
5041 3
5042 1
5043 1
5044 1
5045 3
5046 1
5047 1
5048 1
5049 1
5050 3
5051 3
5052 3
5053 1
5054 1
5055 1
5056 1
5057 1
5058 0
5059 1
5060 3
5061 1
5062 1
5063 1
5064 1
5065 1
5066 3
5067 1
5068 3
5069 1
5070 1
5071 1
5072 1
5073 3
5074 1
5075 1
5076 3
5077 4
5078 1
5079 1
5080 1
5081 3
5082 3
5083 3
5084 3
5085 4
5086 3
5087 1
5088 1
5089 1
5090 1
5091 1
5092 1
5093 1
5094 1
5095 1
5096 3
5097 1
5098 1
5099 3
5100 4
5101 3
5102 3
5103 1
5104 1
5105 1
5106 3
5107 1
5108 1
5109 3
5110 1
5111 1
5112 1
5113 1
5114 1
5115 3
5116 1
5117 0
5118 3
5119 1
5120 3
5121 1
5122 3
5123 1
5124 3
5125 1
5126 1
5127 1
5128 3
5129 1
5130 1
5131 3
5132 1
5133 3
5134 1
5135 1
5136 1
5137 1
5138 3
5139 1
5140 3
5141 1
5142 1
5143 1
5144 1
5145 3
5146 3
5147 3
5148 1
5149 3
5150 3
5151 1
5152 3
5153 1
5154 1
5155 1
5156 1
5157 1
5158 1
5159 3
5160 0
5161 3
5162 0
5163 1
5164 1
5165 1
5166 1
5167 3
5168 3
5169 1
5170 1
5171 3
5172 3
5173 3
5174 3
5175 1
5176 1
5177 3
5178 1
5179 1
5180 1
5181 1
5182 1
5183 3
5184 1
5185 1
5186 3
5187 1
5188 1
5189 1
5190 1
5191 1
5192 1
5193 3
5194 1
5195 1
5196 1
5197 1
5198 1
5199 1
5200 1
5201 3
5202 1
5203 1
5204 3
5205 1
5206 1
5207 1
5208 1
5209 1
5210 3
5211 3
5212 1
5213 3
5214 1
5215 1
5216 1
5217 1
5218 1
5219 3
5220 1
5221 1
5222 1
5223 3
5224 1
5225 1
5226 1
5227 1
5228 3
5229 1
5230 3
5231 1
5232 1
5233 3
5234 1
5235 3
5236 3
5237 3
5238 1
5239 1
5240 4
5241 3
5242 3
5243 1
5244 1
5245 1
5246 3
5247 1
5248 1
5249 1
5250 1
5251 1
5252 1
5253 1
5254 1
5255 3
5256 4
5257 0
5258 1
5259 1
5260 1
5261 1
5262 3
5263 1
5264 1
5265 1
5266 1
5267 1
5268 1
5269 3
5270 1
5271 3
5272 1
5273 1
5274 1
5275 3
5276 3
5277 1
5278 1
5279 1
5280 3
5281 1
5282 1
5283 3
5284 1
5285 1
5286 3
5287 3
5288 1
5289 1
5290 1
5291 1
5292 3
5293 3
5294 3
5295 1
5296 1
5297 3
5298 1
5299 1
5300 1
5301 1
5302 1
5303 1
5304 1
5305 1
5306 1
5307 1
5308 1
5309 1
5310 1
5311 3
5312 1
5313 3
5314 1
5315 1
5316 1
5317 1
5318 1
5319 0
5320 3
5321 1
5322 1
5323 1
5324 3
5325 1
5326 1
5327 3
5328 3
5329 3
5330 3
5331 1
5332 1
5333 1
5334 1
5335 1
5336 1
5337 3
5338 1
5339 1
5340 1
5341 1
5342 1
5343 1
5344 3
5345 1
5346 1
5347 1
5348 1
5349 1
5350 1
5351 3
5352 1
5353 3
5354 3
5355 3
5356 3
5357 1
5358 1
5359 1
5360 1
5361 3
5362 1
5363 1
5364 3
5365 3
5366 1
5367 1
5368 1
5369 3
5370 3
5371 0
5372 4
5373 0
5374 0
5375 4
5376 0
5377 0
5378 3
5379 4
5380 0
5381 0
5382 4
5383 4
5384 3
5385 2
5386 3
5387 3
5388 2
5389 4
5390 3
5391 3
5392 0
5393 3
5394 3
5395 3
5396 3
5397 3
5398 2
5399 0
5400 3
5401 0
5402 0
5403 3
5404 3
5405 3
5406 3
5407 3
5408 3
5409 3
5410 3
5411 3
5412 3
5413 3
5414 3
5415 3
5416 3
5417 0
5418 0
5419 4
5420 3
5421 3
5422 3
5423 4
5424 4
5425 3
5426 3
5427 3
5428 2
5429 2
5430 0
5431 4
5432 3
5433 3
5434 0
5435 3
5436 2
5437 3
5438 3
5439 3
5440 3
5441 3
5442 3
5443 3
5444 4
5445 3
5446 4
5447 3
5448 4
5449 4
5450 4
5451 3
5452 4
5453 3
5454 3
5455 3
5456 0
5457 4
5458 4
5459 4
5460 4
5461 4
5462 4
5463 4
5464 0
5465 4
5466 2
5467 4
5468 0
5469 4
5470 4
5471 4
5472 4
5473 4
5474 2
5475 2
5476 4
5477 4
5478 3
5479 3
5480 3
5481 2
5482 3
5483 0
5484 0
5485 0
5486 3
5487 4
5488 0
5489 3
5490 0
5491 3
5492 3
5493 3
5494 0
5495 3
5496 0
5497 0
5498 3
5499 0
5500 4
5501 0
5502 3
5503 4
5504 3
5505 2
5506 4
5507 3
5508 3
5509 3
5510 0
5511 4
5512 3
5513 3
5514 0
5515 4
5516 3
5517 0
5518 3
5519 3
5520 4
5521 3
5522 0
5523 3
5524 3
5525 3
5526 3
5527 3
5528 0
5529 3
5530 3
5531 3
5532 0
5533 3
5534 3
5535 4
5536 0
5537 3
5538 3
5539 0
5540 3
5541 0
5542 3
5543 3
5544 3
5545 3
5546 3
5547 3
5548 3
5549 3
5550 4
5551 3
5552 4
5553 3
5554 0
5555 0
5556 0
5557 3
5558 3
5559 3
5560 3
5561 3
5562 3
5563 3
5564 0
5565 3
5566 0
5567 3
5568 3
5569 3
5570 3
5571 3
5572 3
5573 3
5574 3
5575 3
5576 3
5577 3
5578 3
5579 4
5580 0
5581 3
5582 3
5583 0
5584 3
5585 3
5586 0
5587 3
5588 0
5589 4
5590 3
5591 0
5592 0
5593 0
5594 3
5595 3
5596 3
5597 0
5598 4
5599 3
5600 0
5601 3
5602 3
5603 3
5604 3
5605 3
5606 3
5607 3
5608 3
5609 3
5610 3
5611 3
5612 3
5613 3
5614 3
5615 4
5616 0
5617 3
5618 3
5619 0
5620 4
5621 4
5622 4
5623 4
5624 4
5625 4
5626 4
5627 4
5628 4
5629 0
5630 4
5631 4
5632 0
5633 4
5634 2
5635 3
5636 2
5637 4
5638 4
5639 0
5640 4
5641 4
5642 4
5643 4
5644 4
5645 0
5646 3
5647 3
5648 3
5649 3
5650 3
5651 3
5652 0
5653 3
5654 3
5655 3
5656 3
5657 3
5658 3
5659 3
5660 3
5661 3
5662 3
5663 0
5664 3
5665 3
5666 0
5667 0
5668 2
5669 2
5670 0
5671 4
5672 3
5673 3
5674 3
5675 3
5676 0
5677 3
5678 4
5679 4
5680 3
5681 3
5682 3
5683 3
5684 4
5685 3
5686 3
5687 3
5688 3
5689 3
5690 3
5691 3
5692 3
5693 3
5694 3
5695 3
5696 3
5697 3
5698 3
5699 3
5700 3
5701 3
5702 3
5703 3
5704 3
5705 3
5706 3
5707 3
5708 3
5709 3
5710 3
5711 3
5712 3
5713 2
5714 3
5715 3
5716 4
5717 0
5718 3
5719 3
5720 0
5721 3
5722 4
5723 0
5724 3
5725 3
5726 3
5727 3
5728 0
5729 0
5730 0
5731 0
5732 0
5733 4
5734 3
5735 4
5736 3
5737 2
5738 3
5739 3
5740 3
5741 3
5742 3
5743 3
5744 3
5745 3
5746 3
5747 3
5748 0
5749 3
5750 3
5751 3
5752 3
5753 3
5754 3
5755 3
5756 3
5757 3
5758 3
5759 3
5760 3
5761 3
5762 3
5763 3
5764 3
5765 3
5766 3
5767 3
5768 0
5769 3
5770 3
5771 3
5772 4
5773 0
5774 4
5775 3
5776 0
5777 0
5778 0
5779 0
5780 3
5781 0
5782 0
5783 0
5784 0
5785 0
5786 3
5787 3
5788 0
5789 4
5790 3
5791 3
5792 3
5793 3
5794 4
5795 0
5796 0
5797 4
5798 4
5799 0
5800 0
5801 4
5802 4
5803 3
5804 2
5805 4
5806 2
5807 4
5808 3
5809 3
5810 0
5811 3
5812 3
5813 3
5814 3
5815 3
5816 3
5817 3
5818 3
5819 3
5820 3
5821 3
5822 3
5823 3
5824 3
5825 3
5826 3
5827 3
5828 3
5829 3
5830 3
5831 3
5832 3
5833 3
5834 2
5835 3
5836 3
5837 3
5838 4
5839 2
5840 0
5841 3
5842 4
5843 0
5844 3
5845 2
5846 0
5847 3
5848 3
5849 3
5850 0
5851 0
5852 4
5853 0
5854 3
5855 4
5856 4
5857 0
5858 3
5859 0
5860 4
5861 3
5862 3
5863 0
5864 3
5865 0
5866 3
5867 0
5868 4
5869 3
5870 3
5871 3
5872 2
5873 0
5874 3
5875 4
5876 3
5877 3
5878 4
5879 0
5880 3
5881 3
5882 4
5883 3
5884 0
5885 3
5886 2
5887 0
5888 3
5889 3
5890 3
5891 3
5892 3
5893 3
5894 3
5895 3
5896 3
5897 3
5898 3
5899 3
5900 3
5901 3
5902 3
5903 3
5904 3
5905 3
5906 3
5907 3
5908 3
5909 3
5910 3
5911 3
5912 3
5913 3
5914 3
5915 3
5916 3
5917 3
5918 3
5919 3
5920 3
5921 3
5922 0
5923 2
5924 4
5925 4
5926 4
5927 4
5928 1
5929 4
5930 2
5931 2
5932 4
5933 4
5934 4
5935 4
5936 2
5937 4
5938 4
5939 4
5940 4
5941 2
5942 4
5943 2
5944 4
5945 4
5946 4
5947 3
5948 3
5949 4
5950 2
5951 0
5952 0
5953 0
5954 4
5955 0
5956 0
5957 2
5958 0
5959 3
5960 3
5961 3
5962 3
5963 3
5964 3
5965 3
5966 3
5967 3
5968 3
5969 3
5970 3
5971 3
5972 3
5973 3
5974 3
5975 3
5976 3
5977 3
5978 3
5979 3
5980 3
5981 3
5982 3
5983 3
5984 3
5985 3
5986 3
5987 3
5988 3
5989 3
5990 0
5991 0
5992 4
5993 3
5994 0
5995 0
5996 3
5997 0
5998 0
5999 0
6000 3
6001 0
6002 2
6003 0
6004 0
6005 0
6006 3
6007 3
6008 0
6009 0
6010 4
6011 1
6012 3
6013 4
6014 3
6015 3
6016 4
6017 0
6018 0
6019 3
6020 3
6021 0
6022 3
6023 2
6024 2
6025 0
6026 4
6027 3
6028 3
6029 3
6030 3
6031 2
6032 4
6033 3
6034 3
6035 3
6036 3
6037 0
6038 3
6039 3
6040 0
6041 3
6042 0
6043 0
6044 3
6045 3
6046 3
6047 3
6048 3
6049 3
6050 3
6051 3
6052 3
6053 3
6054 3
6055 3
6056 3
6057 3
6058 3
6059 3
6060 3
6061 3
6062 3
6063 3
6064 3
6065 3
6066 3
6067 3
6068 3
6069 3
6070 3
6071 3
6072 3
6073 3
6074 3
6075 3
6076 3
6077 3
6078 3
6079 3
6080 3
6081 3
6082 3
6083 4
6084 0
6085 3
6086 2
6087 4
6088 4
6089 3
6090 3
6091 3
6092 4
6093 0
6094 3
6095 4
6096 3
6097 0
6098 3
6099 4
6100 3
6101 3
6102 3
6103 2
6104 3
6105 4
6106 0
6107 2
6108 4
6109 3
6110 2
6111 4
6112 4
6113 4
6114 2
6115 0
6116 2
6117 0
6118 2
6119 4
6120 2
6121 4
6122 4
6123 2
6124 0
6125 4
6126 2
6127 4
6128 3
6129 2
6130 3
6131 0
6132 2
6133 4
6134 0
6135 2
6136 2
6137 2
6138 4
6139 2
6140 1
6141 0
6142 4
6143 4
6144 2
6145 2
6146 2
6147 4
6148 0
6149 2
6150 2
6151 0
6152 4
6153 2
6154 0
6155 2
6156 2
6157 2
6158 0
6159 0
6160 2
6161 2
6162 4
6163 4
6164 3
6165 2
6166 2
6167 0
6168 0
6169 4
6170 4
6171 4
6172 0
6173 4
6174 4
6175 3
6176 4
6177 0
6178 4
6179 4
6180 0
6181 1
6182 0
6183 2
6184 2
6185 2
6186 2
6187 2
6188 0
6189 2
6190 0
6191 2
6192 2
6193 2
6194 2
6195 4
6196 2
6197 2
6198 2
6199 4
6200 4
6201 2
6202 3
6203 2
6204 3
6205 4
6206 3
6207 0
6208 0
6209 0
6210 0
6211 3
6212 0
6213 0
6214 0
6215 3
6216 2
6217 4
6218 2
6219 2
6220 2
6221 0
6222 0
6223 2
6224 2
6225 3
6226 0
6227 4
6228 2
6229 2
6230 2
6231 0
6232 3
6233 0
6234 0
6235 4
6236 4
6237 2
6238 3
6239 2
6240 4
6241 3
6242 0
6243 0
6244 3
6245 4
6246 4
6247 0
6248 2
6249 0
6250 2
6251 0
6252 4
6253 0
6254 2
6255 0
6256 0
6257 2
6258 0
6259 2
6260 0
6261 3
6262 0
6263 4
6264 3
6265 2
6266 2
6267 3
6268 3
6269 2
6270 2
6271 0
6272 3
6273 2
6274 2
6275 1
6276 4
6277 2
6278 4
6279 0
6280 2
6281 2
6282 3
6283 4
6284 2
6285 0
6286 2
6287 4
6288 3
6289 4
6290 4
6291 0
6292 2
6293 4
6294 4
6295 2
6296 2
6297 2
6298 2
6299 0
6300 3
6301 4
6302 0
6303 2
6304 2
6305 4
6306 0
6307 4
6308 2
6309 2
6310 4
6311 0
6312 4
6313 2
6314 2
6315 4
6316 4
6317 2
6318 2
6319 0
6320 4
6321 2
6322 0
6323 4
6324 2
6325 2
6326 0
6327 2
6328 2
6329 2
6330 2
6331 3
6332 3
6333 0
6334 0
6335 2
6336 4
6337 2
6338 0
6339 2
6340 2
6341 4
6342 4
6343 4
6344 0
6345 0
6346 2
6347 2
6348 4
6349 4
6350 4
6351 2
6352 0
6353 2
6354 4
6355 2
6356 0
6357 3
6358 0
6359 0
6360 4
6361 0
6362 2
6363 0
6364 0
6365 2
6366 4
6367 4
6368 4
6369 0
6370 4
6371 3
6372 0
6373 4
6374 2
6375 4
6376 0
6377 4
6378 3
6379 2
6380 1
6381 4
6382 0
6383 3
6384 4
6385 0
6386 2
6387 4
6388 3
6389 0
6390 4
6391 2
6392 2
6393 4
6394 2
6395 4
6396 4
6397 4
6398 4
6399 4
6400 3
6401 2
6402 2
6403 4
6404 2
6405 0
6406 4
6407 4
6408 4
6409 2
6410 2
6411 0
6412 4
6413 3
6414 0
6415 3
6416 4
6417 4
6418 4
6419 0
6420 4
6421 4
6422 2
6423 4
6424 4
6425 2
6426 0
6427 2
6428 3
6429 4
6430 2
6431 4
6432 0
6433 4
6434 0
6435 4
6436 0
6437 2
6438 4
6439 1
6440 2
6441 2
6442 0
6443 2
6444 3
6445 2
6446 0
6447 2
6448 4
6449 4
6450 1
6451 0
6452 2
6453 0
6454 4
6455 0
6456 4
6457 0
6458 4
6459 2
6460 2
6461 0
6462 4
6463 2
6464 0
6465 2
6466 2
6467 2
6468 2
6469 2
6470 2
6471 2
6472 2
6473 0
6474 4
6475 2
6476 4
6477 4
6478 2
6479 2
6480 1
6481 2
6482 3
6483 4
6484 2
6485 2
6486 2
6487 0
6488 0
6489 0
6490 0
6491 2
6492 2
6493 4
6494 4
6495 0
6496 2
6497 0
6498 0
6499 3
6500 3
6501 2
6502 3
6503 2
6504 2
6505 0
6506 0
6507 3
6508 0
6509 2
6510 3
6511 0
6512 2
6513 0
6514 4
6515 4
6516 4
6517 2
6518 4
6519 0
6520 2
6521 0
6522 2
6523 0
6524 3
6525 2
6526 4
6527 2
6528 1
6529 2
6530 2
6531 2
6532 2
6533 2
6534 4
6535 3
6536 0
6537 4
6538 0
6539 0
6540 4
6541 0
6542 0
6543 0
6544 2
6545 0
6546 4
6547 3
6548 2
6549 2
6550 2
6551 2
6552 0
6553 4
6554 4
6555 2
6556 2
6557 0
6558 0
6559 2
6560 2
6561 3
6562 2
6563 2
6564 4
6565 2
6566 2
6567 0
6568 4
6569 2
6570 2
6571 2
6572 0
6573 2
6574 0
6575 4
6576 2
6577 0
6578 2
6579 1
6580 3
6581 2
6582 2
6583 4
6584 0
6585 0
6586 0
6587 2
6588 2
6589 2
6590 2
6591 0
6592 4
6593 4
6594 4
6595 2
6596 4
6597 4
6598 2
6599 0
6600 2
6601 2
6602 0
6603 2
6604 4
6605 4
6606 2
6607 1
6608 4
6609 4
6610 0
6611 0
6612 2
6613 0
6614 2
6615 0
6616 4
6617 2
6618 0
6619 0
6620 2
6621 2
6622 4
6623 3
6624 0
6625 0
6626 0
6627 4
6628 0
6629 2
6630 4
6631 0
6632 4
6633 3
6634 4
6635 4
6636 2
6637 2
6638 0
6639 2
6640 3
6641 0
6642 0
6643 2
6644 4
6645 0
6646 3
6647 0
6648 4
6649 2
6650 0
6651 0
6652 2
6653 3
6654 0
6655 3
6656 2
6657 4
6658 4
6659 2
6660 3
6661 0
6662 4
6663 0
6664 3
6665 1
6666 0
6667 0
6668 0
6669 2
6670 3
6671 3
6672 4
6673 4
6674 1
6675 2
6676 2
6677 0
6678 4
6679 2
6680 2
6681 2
6682 0
6683 2
6684 0
6685 2
6686 2
6687 0
6688 3
6689 3
6690 2
6691 0
6692 4
6693 4
6694 4
6695 0
6696 4
6697 2
6698 2
6699 2
6700 3
6701 4
6702 2
6703 2
6704 2
6705 4
6706 3
6707 4
6708 4
6709 2
6710 2
6711 4
6712 2
6713 2
6714 4
6715 2
6716 2
6717 4
6718 0
6719 3
6720 2
6721 0
6722 2
6723 2
6724 4
6725 2
6726 2
6727 2
6728 2
6729 0
6730 2
6731 4
6732 4
6733 0
6734 4
6735 2
6736 0
6737 2
6738 2
6739 4
6740 4
6741 2
6742 0
6743 0
6744 4
6745 0
6746 0
6747 0
6748 4
6749 0
6750 2
6751 3
6752 0
6753 4
6754 0
6755 2
6756 2
6757 4
6758 2
6759 4
6760 2
6761 2
6762 0
6763 3
6764 0
6765 2
6766 2
6767 4
6768 4
6769 4
6770 4
6771 3
6772 2
6773 0
6774 2
6775 2
6776 2
6777 0
6778 4
6779 2
6780 2
6781 4
6782 2
6783 2
6784 0
6785 4
6786 0
6787 0
6788 2
6789 4
6790 4
6791 4
6792 4
6793 4
6794 4
6795 4
6796 4
6797 4
6798 4
6799 2
6800 2
6801 2
6802 4
6803 2
6804 2
6805 0
6806 0
6807 0
6808 2
6809 2
6810 2
6811 4
6812 2
6813 4
6814 4
6815 3
6816 4
6817 4
6818 0
6819 2
6820 3
6821 0
6822 4
6823 1
6824 4
6825 2
6826 2
6827 0
6828 4
6829 0
6830 0
6831 4
6832 4
6833 0
6834 0
6835 4
6836 0
6837 2
6838 2
6839 4
6840 4
6841 2
6842 4
6843 4
6844 2
6845 0
6846 4
6847 0
6848 0
6849 4
6850 4
6851 4
6852 2
6853 4
6854 4
6855 2
6856 4
6857 2
6858 2
6859 4
6860 0
6861 3
6862 4
6863 2
6864 4
6865 2
6866 0
6867 0
6868 4
6869 0
6870 2
6871 4
6872 0
6873 0
6874 2
6875 2
6876 2
6877 0
6878 2
6879 4
6880 3
6881 3
6882 4
6883 2
6884 3
6885 2
6886 4
6887 2
6888 4
6889 4
6890 4
6891 4
6892 2
6893 4
6894 2
6895 3
6896 3
6897 2
6898 2
6899 4
6900 4
6901 4
6902 4
6903 2
6904 0
6905 0
6906 0
6907 2
6908 4
6909 0
6910 0
6911 2
6912 4
6913 4
6914 0
6915 4
6916 2
6917 2
6918 4
6919 0
6920 2
6921 1
6922 0
6923 2
6924 2
6925 4
6926 2
6927 0
6928 2
6929 0
6930 0
6931 4
6932 4
6933 4
6934 2
6935 4
6936 4
6937 3
6938 2
6939 2
6940 2
6941 2
6942 4
6943 2
6944 2
6945 2
6946 2
6947 4
6948 0
6949 4
6950 4
6951 3
6952 2
6953 0
6954 0
6955 2
6956 3
6957 0
6958 4
6959 2
6960 2
6961 0
6962 2
6963 4
6964 0
6965 0
6966 4
6967 2
6968 4
6969 2
6970 2
6971 0
6972 0
6973 3
6974 0
6975 4
6976 4
6977 2
6978 0
6979 2
6980 4
6981 4
6982 2
6983 2
6984 4
6985 2
6986 0
6987 2
6988 0
6989 0
6990 2
6991 3
6992 4
6993 4
6994 4
6995 0
6996 0
6997 2
6998 4
6999 0
7000 2
7001 1
7002 2
7003 2
7004 2
7005 2
7006 2
7007 2
7008 4
7009 2
7010 2
7011 0
7012 3
7013 2
7014 2
7015 3
7016 2
7017 3
7018 0
7019 2
7020 3
7021 4
7022 2
7023 4
7024 4
7025 4
7026 4
7027 3
7028 4
7029 2
7030 4
7031 4
7032 2
7033 2
7034 2
7035 0
7036 2
7037 0
7038 4
7039 0
7040 0
7041 2
7042 0
7043 0
7044 4
7045 0
7046 2
7047 0
7048 4
7049 3
7050 2
7051 0
7052 4
7053 0
7054 1
7055 4
7056 4
7057 4
7058 4
7059 4
7060 2
7061 3
7062 3
7063 3
7064 2
7065 0
7066 4
7067 4
7068 2
7069 0
7070 4
7071 4
7072 0
7073 3
7074 4
7075 3
7076 4
7077 2
7078 0
7079 0
7080 4
7081 2
7082 0
7083 2
7084 2
7085 2
7086 4
7087 0
7088 0
7089 4
7090 3
7091 4
7092 0
7093 0
7094 4
7095 4
7096 4
7097 1
7098 4
7099 3
7100 4
7101 4
7102 2
7103 4
7104 2
7105 4
7106 2
7107 4
7108 2
7109 0
7110 2
7111 2
7112 0
7113 0
7114 2
7115 2
7116 4
7117 2
7118 0
7119 2
7120 2
7121 3
7122 2
7123 2
7124 4
7125 4
7126 2
7127 2
7128 0
7129 3
7130 3
7131 4
7132 4
7133 2
7134 0
7135 3
7136 3
7137 2
7138 0
7139 0
7140 0
7141 2
7142 2
7143 2
7144 2
7145 2
7146 2
7147 2
7148 3
7149 0
7150 2
7151 4
7152 0
7153 2
7154 2
7155 2
7156 2
7157 4
7158 4
7159 4
7160 2
7161 0
7162 4
7163 0
7164 0
7165 4
7166 0
7167 0
7168 2
7169 2
7170 2
7171 2
7172 2
7173 4
7174 0
7175 2
7176 0
7177 3
7178 3
7179 4
7180 0
7181 2
7182 0
7183 0
7184 2
7185 2
7186 0
7187 0
7188 0
7189 4
7190 2
7191 4
7192 2
7193 4
7194 4
7195 3
7196 4
7197 3
7198 2
7199 2
7200 4
7201 2
7202 2
7203 2
7204 3
7205 2
7206 4
7207 0
7208 2
7209 2
7210 4
7211 0
7212 3
7213 3
7214 4
7215 0
7216 2
7217 2
7218 2
7219 2
7220 4
7221 2
7222 2
7223 4
7224 2
7225 4
7226 2
7227 4
7228 4
7229 2
7230 0
7231 3
7232 4
7233 4
7234 2
7235 3
7236 4
7237 4
7238 2
7239 0
7240 0
7241 4
7242 4
7243 0
7244 2
7245 4
7246 0
7247 3
7248 4
7249 2
7250 2
7251 0
7252 4
7253 0
7254 4
7255 3
7256 4
7257 4
7258 4
7259 2
7260 2
7261 4
7262 2
7263 2
7264 2
7265 4
7266 3
7267 2
7268 2
7269 3
7270 4
7271 2
7272 2
7273 0
7274 2
7275 0
7276 3
7277 0
7278 4
7279 4
7280 0
7281 4
7282 3
7283 2
7284 4
7285 4
7286 3
7287 4
7288 4
7289 0
7290 0
7291 2
7292 4
7293 0
7294 0
7295 0
7296 0
7297 2
7298 2
7299 4
7300 4
7301 3
7302 2
7303 2
7304 3
7305 4
7306 2
7307 2
7308 0
7309 4
7310 0
7311 4
7312 2
7313 4
7314 2
7315 0
7316 2
7317 4
7318 0
7319 0
7320 0
7321 4
7322 0
7323 2
7324 0
7325 2
7326 4
7327 2
7328 0
7329 4
7330 3
7331 2
7332 0
7333 2
7334 1
7335 0
7336 2
7337 4
7338 4
7339 0
7340 4
7341 2
7342 3
7343 4
7344 4
7345 0
7346 0
7347 2
7348 2
7349 4
7350 0
7351 2
7352 4
7353 3
7354 2
7355 4
7356 2
7357 4
7358 0
7359 0
7360 3
7361 2
7362 0
7363 2
7364 4
7365 0
7366 2
7367 4
7368 4
7369 1
7370 2
7371 0
7372 2
7373 0
7374 2
7375 2
7376 2
7377 2
7378 4
7379 4
7380 3
7381 2
7382 2
7383 4
7384 2
7385 2
7386 3
7387 4
7388 2
7389 0
7390 0
7391 2
7392 0
7393 0
7394 4
7395 0
7396 4
7397 4
7398 0
7399 2
7400 0
7401 2
7402 2
7403 0
7404 4
7405 0
7406 4
7407 4
7408 2
7409 2
7410 0
7411 2
7412 3
7413 4
7414 0
7415 4
7416 4
7417 3
7418 4
7419 4
7420 4
7421 0
7422 2
7423 4
7424 0
7425 4
7426 0
7427 2
7428 2
7429 4
7430 4
7431 4
7432 2
7433 0
7434 2
7435 4
7436 4
7437 2
7438 3
7439 3
7440 4
7441 0
7442 2
7443 3
7444 2
7445 4
7446 3
7447 2
7448 3
7449 0
7450 0
7451 4
7452 2
7453 2
7454 2
7455 2
7456 0
7457 4
7458 4
7459 4
7460 4
7461 2
7462 0
7463 2
7464 0
7465 2
7466 0
7467 0
7468 0
7469 2
7470 4
7471 0
7472 0
7473 2
7474 4
7475 2
7476 4
7477 4
7478 2
7479 4
7480 4
7481 4
7482 4
7483 2
7484 3
7485 2
7486 2
7487 2
7488 3
7489 2
7490 4
7491 2
7492 2
7493 2
7494 2
7495 2
7496 4
7497 4
7498 2
7499 2
7500 2
7501 2
7502 2
7503 2
7504 2
7505 4
7506 0
7507 4
7508 2
7509 2
7510 4
7511 2
7512 2
7513 4
7514 4
7515 2
7516 2
7517 3
7518 4
7519 4
7520 0
7521 4
7522 2
7523 4
7524 0
7525 1
7526 2
7527 2
7528 2
7529 2
7530 0
7531 3
7532 0
7533 4
7534 2
7535 2
7536 3
7537 0
7538 4
7539 4
7540 3
7541 2
7542 2
7543 4
7544 4
7545 2
7546 2
7547 4
7548 3
7549 0
7550 0
7551 2
7552 2
7553 4
7554 2
7555 0
7556 4
7557 1
7558 3
7559 3
7560 1
7561 1
7562 3
7563 3
7564 1
7565 1
7566 1
7567 1
7568 1
7569 1
7570 3
7571 3
7572 1
7573 3
7574 1
7575 1
7576 1
7577 1
7578 1
7579 2
7580 1
7581 1
7582 1
7583 1
7584 1
7585 1
7586 1
7587 1
7588 3
7589 1
7590 1
7591 1
7592 1
7593 1
7594 3
7595 1
7596 1
7597 1
7598 1
7599 1
7600 1
7601 1
7602 1
7603 1
7604 1
7605 3
7606 1
7607 1
7608 0
7609 1
7610 1
7611 1
7612 1
7613 1
7614 3
7615 1
7616 1
7617 3
7618 1
7619 1
7620 1
7621 3
7622 1
7623 3
7624 1
7625 3
7626 1
7627 1
7628 1
7629 1
7630 1
7631 3
7632 1
7633 3
7634 1
7635 1
7636 1
7637 1
7638 1
7639 1
7640 3
7641 3
7642 1
7643 3
7644 1
7645 1
7646 1
7647 1
7648 1
7649 1
7650 4
7651 1
7652 1
7653 3
7654 1
7655 3
7656 1
7657 0
7658 1
7659 1
7660 1
7661 1
7662 1
7663 1
7664 1
7665 1
7666 1
7667 1
7668 1
7669 1
7670 1
7671 1
7672 1
7673 1
7674 1
7675 1
7676 1
7677 1
7678 1
7679 1
7680 3
7681 1
7682 3
7683 1
7684 1
7685 1
7686 1
7687 0
7688 1
7689 1
7690 1
7691 1
7692 1
7693 3
7694 1
7695 1
7696 1
7697 3
7698 1
7699 1
7700 1
7701 1
7702 1
7703 1
7704 1
7705 1
7706 1
7707 3
7708 1
7709 3
7710 1
7711 3
7712 1
7713 1
7714 1
7715 1
7716 1
7717 1
7718 3
7719 1
7720 1
7721 1
7722 3
7723 3
7724 3
7725 4
7726 1
7727 3
7728 3
7729 1
7730 1
7731 1
7732 1
7733 1
7734 3
7735 1
7736 1
7737 1
7738 1
7739 1
7740 3
7741 1
7742 1
7743 1
7744 1
7745 3
7746 3
7747 3
7748 1
7749 1
7750 1
7751 3
7752 1
7753 1
7754 3
7755 1
7756 1
7757 3
7758 1
7759 3
7760 4
7761 1
7762 1
7763 3
7764 3
7765 1
7766 1
7767 1
7768 1
7769 3
7770 3
7771 1
7772 1
7773 1
7774 1
7775 3
7776 1
7777 1
7778 0
7779 1
7780 1
7781 1
7782 3
7783 1
7784 1
7785 1
7786 3
7787 1
7788 1
7789 3
7790 1
7791 1
7792 1
7793 3
7794 1
7795 1
7796 1
7797 1
7798 1
7799 1
7800 1
7801 1
7802 1
7803 1
7804 1
7805 1
7806 1
7807 2
7808 1
7809 1
7810 1
7811 1
7812 1
7813 1
7814 3
7815 1
7816 1
7817 1
7818 1
7819 1
7820 1
7821 3
7822 1
7823 3
7824 3
7825 1
7826 0
7827 3
7828 3
7829 1
7830 3
7831 1
7832 1
7833 3
7834 1
7835 1
7836 1
7837 1
7838 1
7839 1
7840 1
7841 1
7842 1
7843 1
7844 1
7845 1
7846 1
7847 1
7848 1
7849 3
7850 1
7851 1
7852 1
7853 3
7854 1
7855 1
7856 1
7857 1
7858 1
7859 4
7860 2
7861 1
7862 1
7863 1
7864 1
7865 1
7866 1
7867 1
7868 1
7869 1
7870 1
7871 1
7872 1
7873 1
7874 1
7875 1
7876 1
7877 3
7878 1
7879 1
7880 3
7881 1
7882 3
7883 3
7884 1
7885 1
7886 1
7887 1
7888 1
7889 1
7890 1
7891 1
7892 1
7893 1
7894 1
7895 1
7896 1
7897 3
7898 1
7899 1
7900 1
7901 1
7902 1
7903 3
7904 1
7905 2
7906 1
7907 1
7908 1
7909 1
7910 1
7911 1
7912 1
7913 1
7914 1
7915 1
7916 3
7917 3
7918 3
7919 1
7920 1
7921 1
7922 1
7923 3
7924 1
7925 1
7926 1
7927 1
7928 1
7929 1
7930 1
7931 1
7932 1
7933 1
7934 3
7935 3
7936 0
7937 1
7938 1
7939 3
7940 1
7941 1
7942 3
7943 1
7944 1
7945 1
7946 1
7947 1
7948 1
7949 1
7950 3
7951 3
7952 3
7953 1
7954 1
7955 1
7956 3
7957 3
7958 1
7959 1
7960 3
7961 3
7962 3
7963 1
7964 1
7965 1
7966 1
7967 1
7968 1
7969 1
7970 3
7971 1
7972 1
7973 0
7974 1
7975 1
7976 1
7977 1
7978 1
7979 3
7980 1
7981 1
7982 1
7983 2
7984 1
7985 1
7986 3
7987 1
7988 3
7989 1
7990 1
7991 1
7992 1
7993 1
7994 1
7995 3
7996 1
7997 0
7998 1
7999 1
8000 1
8001 1
8002 3
8003 0
8004 1
8005 1
8006 1
8007 1
8008 1
8009 1
8010 1
8011 4
8012 1
8013 1
8014 1
8015 1
8016 3
8017 1
8018 3
8019 1
8020 3
8021 3
8022 3
8023 3
8024 1
8025 1
8026 1
8027 1
8028 3
8029 1
8030 1
8031 1
8032 1
8033 1
8034 1
8035 1
8036 1
8037 1
8038 1
8039 1
8040 3
8041 1
8042 1
8043 3
8044 1
8045 3
8046 1
8047 3
8048 3
8049 1
8050 1
8051 1
8052 1
8053 3
8054 1
8055 1
8056 1
8057 1
8058 4
8059 3
8060 1
8061 1
8062 1
8063 2
8064 1
8065 3
8066 3
8067 1
8068 1
8069 1
8070 1
8071 1
8072 1
8073 1
8074 1
8075 1
8076 1
8077 3
8078 1
8079 1
8080 3
8081 3
8082 3
8083 1
8084 1
8085 1
8086 1
8087 1
8088 1
8089 1
8090 1
8091 3
8092 3
8093 1
8094 1
8095 1
8096 3
8097 1
8098 1
8099 1
8100 1
8101 3
8102 1
8103 1
8104 1
8105 1
8106 1
8107 3
8108 1
8109 1
8110 1
8111 1
8112 1
8113 1
8114 1
8115 1
8116 3
8117 1
8118 3
8119 1
8120 1
8121 1
8122 1
8123 0
8124 1
8125 1
8126 3
8127 3
8128 1
8129 3
8130 1
8131 1
8132 1
8133 3
8134 4
8135 1
8136 1
8137 1
8138 1
8139 1
8140 2
8141 1
8142 1
8143 1
8144 1
8145 4
8146 3
8147 3
8148 1
8149 3
8150 1
8151 1
8152 3
8153 1
8154 3
8155 1
8156 1
8157 1
8158 1
8159 3
8160 1
8161 1
8162 4
8163 1
8164 1
8165 1
8166 3
8167 1
8168 3
8169 1
8170 1
8171 3
8172 3
8173 1
8174 3
8175 1
8176 3
8177 1
8178 1
8179 1
8180 1
8181 1
8182 1
8183 3
8184 1
8185 1
8186 1
8187 3
8188 1
8189 3
8190 1
8191 1
8192 1
8193 1
8194 3
8195 1
8196 1
8197 1
8198 1
8199 1
8200 3
8201 1
8202 1
8203 1
8204 1
8205 1
8206 1
8207 1
8208 4
8209 4
8210 1
8211 1
8212 1
8213 4
8214 1
8215 3
8216 1
8217 1
8218 3
8219 1
8220 1
8221 3
8222 1
8223 0
8224 1
8225 1
8226 1
8227 1
8228 1
8229 1
8230 3
8231 1
8232 1
8233 1
8234 0
8235 1
8236 3
8237 1
8238 1
8239 1
8240 1
8241 3
8242 1
8243 1
8244 3
8245 1
8246 1
8247 1
8248 1
8249 3
8250 1
8251 1
8252 1
8253 1
8254 3
8255 1
8256 1
8257 1
8258 1
8259 1
8260 1
8261 1
8262 1
8263 1
8264 1
8265 1
8266 1
8267 1
8268 1
8269 1
8270 1
8271 3
8272 1
8273 3
8274 1
8275 1
8276 1
8277 3
8278 1
8279 1
8280 1
8281 1
8282 1
8283 1
8284 4
8285 1
8286 3
8287 1
8288 1
8289 0
8290 3
8291 1
8292 1
8293 1
8294 1
8295 1
8296 1
8297 1
8298 1
8299 1
8300 3
8301 1
8302 3
8303 1
8304 1
8305 1
8306 1
8307 1
8308 1
8309 3
8310 3
8311 3
8312 1
8313 1
8314 1
8315 1
8316 3
8317 3
8318 1
8319 1
8320 3
8321 1
8322 1
8323 1
8324 1
8325 3
8326 3
8327 3
8328 1
8329 1
8330 1
8331 0
8332 1
8333 3
8334 1
8335 1
8336 1
8337 1
8338 1
8339 1
8340 1
8341 1
8342 1
8343 1
8344 1
8345 1
8346 0
8347 1
8348 1
8349 1
8350 1
8351 1
8352 1
8353 1
8354 1
8355 1
8356 1
8357 1
8358 1
8359 1
8360 1
8361 1
8362 1
8363 1
8364 3
8365 4
8366 3
8367 3
8368 3
8369 1
8370 1
8371 1
8372 1
8373 1
8374 1
8375 3
8376 3
8377 0
8378 1
8379 1
8380 3
8381 1
8382 3
8383 1
8384 3
8385 3
8386 1
8387 1
8388 3
8389 1
8390 1
8391 1
8392 1
8393 1
8394 1
8395 3
8396 0
8397 0
8398 4
8399 3
8400 0
8401 0
8402 2
8403 2
8404 2
8405 0
8406 0
8407 4
8408 2
8409 0
8410 4
8411 2
8412 2
8413 2
8414 1
8415 4
8416 2
8417 4
8418 4
8419 4
8420 4
8421 2
8422 2
8423 0
8424 2
8425 0
8426 4
8427 3
8428 2
8429 3
8430 4
8431 4
8432 4
8433 2
8434 4
8435 0
8436 4
8437 0
8438 4
8439 2
8440 2
8441 2
8442 2
8443 2
8444 0
8445 2
8446 0
8447 2
8448 4
8449 2
8450 2
8451 4
8452 2
8453 0
8454 2
8455 2
8456 4
8457 2
8458 0
8459 4
8460 0
8461 0
8462 4
8463 2
8464 0
8465 4
8466 0
8467 4
8468 4
8469 4
8470 2
8471 2
8472 2
8473 0
8474 0
8475 0
8476 0
8477 4
8478 3
8479 4
8480 3
8481 4
8482 4
8483 4
8484 0
8485 2
8486 0
8487 4
8488 4
8489 4
8490 0
8491 3
8492 4
8493 3
8494 0
8495 2
8496 2
8497 2
8498 4
8499 4
8500 0
8501 0
8502 2
8503 0
8504 4
8505 0
8506 4
8507 3
8508 2
8509 4
8510 4
8511 2
8512 2
8513 4
8514 4
8515 4
8516 2
8517 2
8518 0
8519 2
8520 0
8521 0
8522 2
8523 0
8524 4
8525 2
8526 4
8527 2
8528 4
8529 2
8530 4
8531 2
8532 2
8533 2
8534 3
8535 2
8536 4
8537 4
8538 2
8539 0
8540 2
8541 2
8542 3
8543 2
8544 2
8545 4
8546 4
8547 4
8548 0
8549 2
8550 2
8551 4
8552 3
8553 4
8554 3
8555 2
8556 4
8557 4
8558 0
8559 3
8560 2
8561 4
8562 2
8563 2
8564 4
8565 4
8566 0
8567 2
8568 4
8569 4
8570 4
8571 0
8572 0
8573 2
8574 4
8575 0
8576 4
8577 2
8578 0
8579 0
8580 0
8581 2
8582 2
8583 4
8584 2
8585 0
8586 0
8587 2
8588 4
8589 2
8590 3
8591 4
8592 0
8593 2
8594 2
8595 2
8596 4
8597 2
8598 2
8599 0
8600 2
8601 0
8602 0
8603 0
8604 0
8605 2
8606 2
8607 0
8608 3
8609 0
8610 4
8611 0
8612 4
8613 2
8614 0
8615 0
8616 4
8617 2
8618 4
8619 0
8620 0
8621 0
8622 2
8623 4
8624 1
8625 4
8626 2
8627 4
8628 2
8629 2
8630 0
8631 4
8632 4
8633 2
8634 2
8635 4
8636 4
8637 3
8638 2
8639 2
8640 2
8641 0
8642 0
8643 2
8644 3
8645 2
8646 3
8647 2
8648 4
8649 0
8650 2
8651 0
8652 0
8653 0
8654 2
8655 2
8656 2
8657 2
8658 2
8659 0
8660 2
8661 3
8662 2
8663 2
8664 2
8665 2
8666 2
8667 0
8668 4
8669 2
8670 2
8671 2
8672 2
8673 3
8674 4
8675 2
8676 0
8677 2
8678 2
8679 0
8680 0
8681 4
8682 4
8683 0
8684 4
8685 4
8686 4
8687 2
8688 2
8689 4
8690 0
8691 4
8692 2
8693 0
8694 2
8695 0
8696 3
8697 4
8698 0
8699 2
8700 4
8701 2
8702 2
8703 4
8704 2
8705 2
8706 4
8707 2
8708 4
8709 0
8710 0
8711 2
8712 0
8713 4
8714 4
8715 4
8716 0
8717 0
8718 2
8719 2
8720 0
8721 4
8722 4
8723 2
8724 4
8725 2
8726 4
8727 2
8728 2
8729 2
8730 4
8731 2
8732 0
8733 3
8734 4
8735 0
8736 2
8737 0
8738 0
8739 4
8740 0
8741 0
8742 4
8743 0
8744 3
8745 4
8746 2
8747 2
8748 3
8749 4
8750 2
8751 2
8752 0
8753 4
8754 4
8755 4
8756 4
8757 4
8758 4
8759 2
8760 2
8761 3
8762 0
8763 0
8764 2
8765 4
8766 2
8767 4
8768 4
8769 2
8770 4
8771 3
8772 2
8773 2
8774 2
8775 2
8776 2
8777 0
8778 0
8779 2
8780 2
8781 4
8782 4
8783 4
8784 4
8785 2
8786 2
8787 2
8788 2
8789 2
8790 4
8791 0
8792 4
8793 3
8794 2
8795 0
8796 4
8797 2
8798 0
8799 2
8800 0
8801 4
8802 4
8803 3
8804 2
8805 2
8806 0
8807 4
8808 2
8809 0
8810 4
8811 4
8812 2
8813 3
8814 0
8815 2
8816 4
8817 4
8818 3
8819 4
8820 2
8821 0
8822 2
8823 3
8824 4
8825 0
8826 0
8827 2
8828 2
8829 4
8830 4
8831 0
8832 2
8833 2
8834 2
8835 4
8836 4
8837 0
8838 2
8839 2
8840 0
8841 2
8842 3
8843 2
8844 2
8845 1
8846 3
8847 0
8848 4
8849 3
8850 3
8851 2
8852 2
8853 4
8854 0
8855 2
8856 4
8857 0
8858 2
8859 2
8860 2
8861 0
8862 2
8863 0
8864 3
8865 2
8866 2
8867 0
8868 2
8869 2
8870 4
8871 0
8872 3
8873 0
8874 0
8875 0
8876 0
8877 4
8878 2
8879 4
8880 2
8881 4
8882 4
8883 4
8884 2
8885 2
8886 2
8887 4
8888 2
8889 2
8890 0
8891 0
8892 2
8893 2
8894 0
8895 3
8896 4
8897 0
8898 0
8899 0
8900 4
8901 4
8902 0
8903 2
8904 3
8905 4
8906 1
8907 1
8908 4
8909 0
8910 2
8911 2
8912 2
8913 0
8914 4
8915 0
8916 3
8917 4
8918 2
8919 0
8920 4
8921 2
8922 4
8923 2
8924 4
8925 0
8926 0
8927 0
8928 0
8929 2
8930 2
8931 0
8932 3
8933 2
8934 3
8935 0
8936 2
8937 0
8938 2
8939 0
8940 4
8941 0
8942 2
8943 2
8944 2
8945 2
8946 2
8947 2
8948 4
8949 2
8950 2
8951 4
8952 0
8953 0
8954 2
8955 2
8956 0
8957 4
8958 2
8959 4
8960 4
8961 2
8962 0
8963 0
8964 2
8965 2
8966 0
8967 0
8968 0
8969 4
8970 2
8971 2
8972 3
8973 2
8974 4
8975 4
8976 0
8977 4
8978 3
8979 4
8980 0
8981 4
8982 0
8983 4
8984 2
8985 4
8986 4
8987 3
8988 0
8989 3
8990 0
8991 4
8992 2
8993 0
8994 3
8995 2
8996 0
8997 2
8998 0
8999 3
9000 0
9001 4
9002 3
9003 4
9004 3
9005 2
9006 4
9007 2
9008 0
9009 2
9010 2
9011 4
9012 2
9013 2
9014 0
9015 2
9016 2
9017 2
9018 0
9019 4
9020 0
9021 4
9022 0
9023 4
9024 0
9025 4
9026 0
9027 0
9028 4
9029 0
9030 2
9031 4
9032 0
9033 2
9034 3
9035 3
9036 2
9037 0
9038 0
9039 0
9040 2
9041 4
9042 4
9043 0
9044 0
9045 3
9046 4
9047 2
9048 3
9049 2
9050 2
9051 0
9052 0
9053 0
9054 0
9055 2
9056 0
9057 4
9058 2
9059 0
9060 4
9061 3
9062 4
9063 2
9064 0
9065 0
9066 2
9067 4
9068 4
9069 2
9070 2
9071 0
9072 0
9073 2
9074 0
9075 0
9076 0
9077 2
9078 0
9079 2
9080 2
9081 2
9082 4
9083 2
9084 2
9085 3
9086 3
9087 2
9088 4
9089 1
9090 4
9091 2
9092 2
9093 0
9094 4
9095 0
9096 4
9097 0
9098 4
9099 2
9100 0
9101 2
9102 2
9103 3
9104 2
9105 4
9106 0
9107 0
9108 2
9109 4
9110 0
9111 2
9112 4
9113 3
9114 2
9115 0
9116 0
9117 2
9118 2
9119 2
9120 0
9121 0
9122 2
9123 4
9124 0
9125 2
9126 2
9127 2
9128 2
9129 0
9130 0
9131 2
9132 0
9133 0
9134 0
9135 0
9136 0
9137 2
9138 4
9139 4
9140 2
9141 2
9142 4
9143 0
9144 0
9145 4
9146 0
9147 4
9148 2
9149 4
9150 3
9151 0
9152 4
9153 2
9154 2
9155 2
9156 4
9157 4
9158 2
9159 0
9160 2
9161 2
9162 2
9163 2
9164 4
9165 4
9166 3
9167 2
9168 3
9169 4
9170 2
9171 2
9172 2
9173 0
9174 2
9175 0
9176 2
9177 2
9178 4
9179 2
9180 2
9181 0
9182 3
9183 2
9184 0
9185 0
9186 4
9187 2
9188 0
9189 4
9190 2
9191 4
9192 0
9193 2
9194 0
9195 2
9196 2
9197 2
9198 4
9199 2
9200 2
9201 2
9202 4
9203 4
9204 0
9205 1
9206 0
9207 0
9208 2
9209 2
9210 4
9211 2
9212 2
9213 0
9214 4
9215 2
9216 3
9217 2
9218 2
9219 0
9220 4
9221 2
9222 2
9223 2
9224 4
9225 4
9226 4
9227 0
9228 0
9229 0
9230 4
9231 4
9232 0
9233 0
9234 3
9235 2
9236 0
9237 2
9238 0
9239 2
9240 0
9241 4
9242 0
9243 0
9244 0
9245 3
9246 2
9247 2
9248 2
9249 0
9250 4
9251 2
9252 2
9253 4
9254 0
9255 4
9256 0
9257 4
9258 3
9259 3
9260 4
9261 0
9262 2
9263 2
9264 3
9265 3
9266 0
9267 4
9268 2
9269 4
9270 4
9271 2
9272 4
9273 3
9274 2
9275 2
9276 2
9277 0
9278 3
9279 0
9280 4
9281 4
9282 0
9283 4
9284 0
9285 0
9286 2
9287 2
9288 0
9289 2
9290 2
9291 4
9292 4
9293 0
9294 4
9295 4
9296 2
9297 4
9298 2
9299 4
9300 2
9301 2
9302 0
9303 4
9304 2
9305 4
9306 2
9307 2
9308 2
9309 3
9310 0
9311 0
9312 2
9313 0
9314 3
9315 2
9316 4
9317 2
9318 2
9319 0
9320 0
9321 2
9322 4
9323 2
9324 4
9325 4
9326 2
9327 0
9328 0
9329 4
9330 0
9331 2
9332 4
9333 0
9334 2
9335 0
9336 1
9337 2
9338 0
9339 3
9340 3
9341 0
9342 2
9343 2
9344 2
9345 3
9346 0
9347 0
9348 0
9349 2
9350 4
9351 4
9352 0
9353 3
9354 4
9355 0
9356 2
9357 2
9358 0
9359 0
9360 3
9361 2
9362 2
9363 4
9364 4
9365 0
9366 2
9367 4
9368 0
9369 4
9370 2
9371 0
9372 3
9373 4
9374 0
9375 3
9376 2
9377 4
9378 2
9379 0
9380 4
9381 4
9382 4
9383 4
9384 2
9385 2
9386 1
9387 0
9388 2
9389 4
9390 2
9391 2
9392 4
9393 4
9394 4
9395 2
9396 2
9397 4
9398 0
9399 2
9400 2
9401 2
9402 4
9403 0
9404 0
9405 2
9406 2
9407 0
9408 2
9409 3
9410 4
9411 0
9412 0
9413 4
9414 2
9415 2
9416 0
9417 3
9418 0
9419 2
9420 0
9421 2
9422 4
9423 3
9424 4
9425 4
9426 4
9427 2
9428 4
9429 3
9430 2
9431 0
9432 4
9433 2
9434 4
9435 2
9436 4
9437 2
9438 0
9439 4
9440 3
9441 0
9442 2
9443 2
9444 0
9445 0
9446 4
9447 2
9448 4
9449 4
9450 4
9451 2
9452 4
9453 3
9454 4
9455 0
9456 0
9457 4
9458 4
9459 4
9460 4
9461 4
9462 4
9463 0
9464 3
9465 0
9466 0
9467 2
9468 0
9469 2
9470 4
9471 4
9472 4
9473 4
9474 2
9475 2
9476 0
9477 2
9478 0
9479 4
9480 4
9481 4
9482 4
9483 4
9484 2
9485 4
9486 4
9487 4
9488 4
9489 2
9490 4
9491 2
9492 4
9493 1
9494 4
9495 0
9496 3
9497 4
9498 2
9499 0
9500 2
9501 2
9502 2
9503 2
9504 0
9505 0
9506 4
9507 2
9508 4
9509 2
9510 0
9511 2
9512 4
9513 4
9514 4
9515 2
9516 2
9517 0
9518 0
9519 2
9520 0
9521 2
9522 0
9523 2
9524 0
9525 0
9526 0
9527 4
9528 4
9529 0
9530 0
9531 2
9532 2
9533 4
9534 0
9535 0
9536 0
9537 0
9538 0
9539 3
9540 0
9541 0
9542 0
9543 2
9544 0
9545 4
9546 4
9547 2
9548 3
9549 2
9550 4
9551 4
9552 4
9553 4
9554 1
9555 2
9556 2
9557 4
9558 4
9559 4
9560 2
9561 2
9562 0
9563 2
9564 2
9565 0
9566 0
9567 0
9568 2
9569 0
9570 3
9571 4
9572 4
9573 0
9574 4
9575 0
9576 2
9577 0
9578 0
9579 2
9580 2
9581 0
9582 3
9583 0
9584 2
9585 0
9586 3
9587 2
9588 0
9589 4
9590 4
9591 2
9592 2
9593 2
9594 4
9595 2
9596 2
9597 0
9598 2
9599 2
9600 4
9601 2
9602 4
9603 2
9604 4
9605 4
9606 0
9607 4
9608 4
9609 4
9610 2
9611 2
9612 4
9613 2
9614 2
9615 4
9616 4
9617 4
9618 0
9619 2
9620 2
9621 0
9622 2
9623 0
9624 2
9625 2
9626 2
9627 2
9628 2
9629 4
9630 0
9631 0
9632 0
9633 0
9634 2
9635 0
9636 4
9637 4
9638 0
9639 2
9640 3
9641 0
9642 2
9643 4
9644 2
9645 4
9646 4
9647 0
9648 4
9649 4
9650 0
9651 4
9652 4
9653 0
9654 0
9655 4
9656 4
9657 2
9658 0
9659 0
9660 0
9661 0
9662 0
9663 4
9664 2
9665 2
9666 2
9667 4
9668 0
9669 2
9670 0
9671 0
9672 2
9673 0
9674 4
9675 4
9676 2
9677 4
9678 2
9679 3
9680 4
9681 2
9682 0
9683 3
9684 0
9685 0
9686 4
9687 4
9688 2
9689 0
9690 2
9691 4
9692 4
9693 2
9694 0
9695 2
9696 0
9697 2
9698 0
9699 2
9700 0
9701 0
9702 4
9703 2
9704 0
9705 0
9706 4
9707 0
9708 0
9709 2
9710 0
9711 3
9712 2
9713 0
9714 4
9715 0
9716 4
9717 0
9718 2
9719 4
9720 4
9721 2
9722 0
9723 4
9724 0
9725 0
9726 2
9727 2
9728 2
9729 2
9730 4
9731 4
9732 0
9733 2
9734 2
9735 2
9736 0
9737 2
9738 0
9739 3
9740 4
9741 4
9742 4
9743 0
9744 0
9745 2
9746 4
9747 4
9748 2
9749 2
9750 2
9751 4
9752 4
9753 2
9754 4
9755 3
9756 0
9757 2
9758 2
9759 2
9760 2
9761 2
9762 2
9763 4
9764 3
9765 2
9766 2
9767 3
9768 2
9769 2
9770 0
9771 2
9772 0
9773 0
9774 0
9775 3
9776 2
9777 2
9778 0
9779 2
9780 2
9781 1
9782 2
9783 4
9784 2
9785 0
9786 2
9787 4
9788 0
9789 0
9790 3
9791 0
9792 0
9793 2
9794 2
9795 2
9796 0
9797 2
9798 4
9799 4
9800 2
9801 0
9802 0
9803 2
9804 3
9805 2
9806 4
9807 2
9808 0
9809 2
9810 2
9811 3
9812 0
9813 0
9814 4
9815 0
9816 2
9817 0
9818 2
9819 2
9820 2
9821 2
9822 0
9823 2
9824 4
9825 0
9826 2
9827 4
9828 0
9829 2
9830 2
9831 4
9832 3
9833 2
9834 2
9835 2
9836 4
9837 2
9838 4
9839 2
9840 2
9841 0
9842 4
9843 0
9844 0
9845 2
9846 3
9847 2
9848 0
9849 2
9850 0
9851 2
9852 4
9853 0
9854 4
9855 0
9856 2
9857 2
9858 4
9859 2
9860 2
9861 4
9862 3
9863 0
9864 2
9865 0
9866 4
9867 2
9868 2
9869 2
9870 0
9871 4
9872 4
9873 3
9874 2
9875 0
9876 0
9877 0
9878 2
9879 4
9880 0
9881 4
9882 4
9883 0
9884 4
9885 2
9886 0
9887 3
9888 4
9889 2
9890 4
9891 3
9892 2
9893 2
9894 4
9895 2
9896 3
9897 0
9898 4
9899 0
9900 2
9901 0
9902 0
9903 3
9904 0
9905 4
9906 2
9907 0
9908 0
9909 4
9910 4
9911 2
9912 2
9913 0
9914 2
9915 0
9916 2
9917 0
9918 2
9919 0
9920 2
9921 4
9922 2
9923 4
9924 2
9925 0
9926 0
9927 1
9928 3
9929 3
9930 1
9931 1
9932 1
9933 1
9934 3
9935 1
9936 1
9937 1
9938 1
9939 1
9940 1
9941 1
9942 1
9943 1
9944 1
9945 0
9946 1
9947 3
9948 1
9949 3
9950 1
9951 1
9952 1
9953 3
9954 1
9955 1
9956 1
9957 1
9958 3
9959 1
9960 2
9961 1
9962 3
9963 1
9964 0
9965 1
9966 1
9967 3
9968 1
9969 1
9970 1
9971 1
9972 3
9973 1
9974 1
9975 1
9976 1
9977 0
9978 3
9979 4
9980 1
9981 1
9982 1
9983 1
9984 0
9985 1
9986 1
9987 1
9988 1
9989 1
9990 1
9991 1
9992 1
9993 1
9994 3
9995 3
9996 1
9997 1
9998 1
9999 1
10000 3
10001 1
10002 1
10003 1
10004 3
10005 0
10006 1
10007 1
10008 3
10009 0
10010 0
10011 1
10012 0
10013 1
10014 3
10015 1
10016 3
10017 4
10018 1
10019 1
10020 1
10021 0
10022 1
10023 1
10024 1
10025 1
10026 1
10027 1
10028 4
10029 1
10030 1
10031 1
10032 1
10033 1
10034 1
10035 3
10036 1
10037 3
10038 1
10039 1
10040 1
10041 1
10042 3
10043 1
10044 1
10045 1
10046 1
10047 4
10048 1
10049 1
10050 3
10051 3
10052 1
10053 3
10054 1
10055 1
10056 4
10057 1
10058 1
10059 1
10060 1
10061 3
10062 1
10063 1
10064 3
10065 0
10066 1
10067 1
10068 1
10069 3
10070 3
10071 3
10072 3
10073 1
10074 1
10075 1
10076 1
10077 1
10078 3
10079 1
10080 3
10081 1
10082 1
10083 1
10084 1
10085 1
10086 1
10087 3
10088 3
10089 1
10090 3
10091 3
10092 1
10093 1
10094 3
10095 1
10096 3
10097 1
10098 3
10099 1
10100 3
10101 1
10102 1
10103 1
10104 4
10105 1
10106 1
10107 1
10108 1
10109 1
10110 1
10111 3
10112 1
10113 3
10114 1
10115 1
10116 1
10117 1
10118 1
10119 1
10120 1
10121 1
10122 3
10123 3
10124 1
10125 1
10126 3
10127 4
10128 1
10129 1
10130 1
10131 1
10132 1
10133 3
10134 1
10135 0
10136 1
10137 1
10138 1
10139 1
10140 1
10141 1
10142 1
10143 3
10144 1
10145 1
10146 1
10147 1
10148 1
10149 1
10150 1
10151 1
10152 3
10153 1
10154 3
10155 1
10156 3
10157 3
10158 1
10159 1
10160 3
10161 4
10162 4
10163 4
10164 1
10165 1
10166 1
10167 1
10168 3
10169 1
10170 1
10171 1
10172 1
10173 3
10174 1
10175 1
10176 4
10177 1
10178 3
10179 3
10180 1
10181 1
10182 1
10183 1
10184 1
10185 1
10186 1
10187 3
10188 4
10189 1
10190 1
10191 3
10192 3
10193 1
10194 3
10195 1
10196 1
10197 3
10198 1
10199 1
10200 1
10201 1
10202 1
10203 1
10204 1
10205 3
10206 1
10207 1
10208 3
10209 3
10210 1
10211 3
10212 1
10213 1
10214 0
10215 3
10216 1
10217 3
10218 1
10219 1
10220 1
10221 1
10222 1
10223 3
10224 1
10225 3
10226 1
10227 1
10228 3
10229 3
10230 1
10231 1
10232 3
10233 3
10234 1
10235 1
10236 1
10237 1
10238 1
10239 1
10240 1
10241 1
10242 1
10243 1
10244 1
10245 1
10246 1
10247 1
10248 1
10249 1
10250 3
10251 1
10252 1
10253 3
10254 3
10255 1
10256 1
10257 1
10258 1
10259 1
10260 1
10261 1
10262 1
10263 1
10264 3
10265 1
10266 1
10267 3
10268 3
10269 3
10270 3
10271 1
10272 3
10273 1
10274 1
10275 1
10276 1
10277 1
10278 1
10279 1
10280 1
10281 0
10282 1
10283 1
10284 1
10285 3
10286 1
10287 3
10288 1
10289 3
10290 3
10291 1
10292 3
10293 1
10294 1
10295 0
10296 1
10297 0
10298 4
10299 1
10300 3
10301 1
10302 3
10303 1
10304 1
10305 1
10306 1
10307 1
10308 3
10309 3
10310 1
10311 3
10312 0
10313 1
10314 4
10315 1
10316 1
10317 1
10318 3
10319 1
10320 1
10321 1
10322 3
10323 1
10324 4
10325 3
10326 1
10327 3
10328 1
10329 3
10330 0
10331 1
10332 0
10333 1
10334 1
10335 1
10336 3
10337 1
10338 1
10339 1
10340 1
10341 1
10342 3
10343 1
10344 1
10345 1
10346 1
10347 4
10348 1
10349 1
10350 1
10351 4
10352 1
10353 0
10354 1
10355 1
10356 1
10357 1
10358 1
10359 1
10360 1
10361 1
10362 1
10363 1
10364 1
10365 3
10366 1
10367 3
10368 1
10369 1
10370 1
10371 1
10372 1
10373 1
10374 1
10375 1
10376 1
10377 1
10378 0
10379 3
10380 1
10381 1
10382 1
10383 1
10384 1
10385 3
10386 1
10387 1
10388 3
10389 3
10390 1
10391 1
10392 3
10393 1
10394 1
10395 1
10396 1
10397 4
10398 1
10399 1
10400 1
10401 1
10402 1
10403 3
10404 1
10405 1
10406 1
10407 1
10408 1
10409 0
10410 1
10411 1
10412 3
10413 1
10414 3
10415 1
10416 3
10417 1
10418 1
10419 3
10420 1
10421 1
10422 0
10423 3
10424 1
10425 1
10426 3
10427 4
10428 3
10429 3
10430 1
10431 1
10432 3
10433 1
10434 3
10435 1
10436 3
10437 1
10438 1
10439 1
10440 1
10441 1
10442 1
10443 3
10444 1
10445 1
10446 1
10447 1
10448 0
10449 1
10450 1
10451 1
10452 1
10453 1
10454 1
10455 1
10456 1
10457 1
10458 1
10459 1
10460 3
10461 1
10462 1
10463 3
10464 1
10465 1
10466 3
10467 1
10468 1
10469 3
10470 1
10471 1
10472 1
10473 1
10474 1
10475 1
10476 1
10477 1
10478 1
10479 1
10480 1
10481 1
10482 1
10483 1
10484 1
10485 3
10486 1
10487 1
10488 0
10489 3
10490 1
10491 1
10492 0
10493 1
10494 1
10495 3
10496 1
10497 1
10498 1
10499 1
10500 1
10501 1
10502 1
10503 1
10504 1
10505 1
10506 1
10507 3
10508 1
10509 3
10510 1
10511 1
10512 1
10513 1
10514 3
10515 3
10516 1
10517 1
10518 1
10519 1
10520 1
10521 1
10522 1
10523 1
10524 4
10525 1
10526 1
10527 1
10528 1
10529 4
10530 1
10531 1
10532 4
10533 3
10534 1
10535 3
10536 3
10537 1
10538 1
10539 1
10540 1
10541 1
10542 1
10543 1
10544 1
10545 3
10546 1
10547 3
10548 1
10549 1
10550 1
10551 1
10552 4
10553 1
10554 1
10555 3
10556 1
10557 1
10558 1
10559 3
10560 1
10561 1
10562 3
10563 1
10564 1
10565 1
10566 1
10567 1
10568 1
10569 1
10570 1
10571 4
10572 3
10573 1
10574 3
10575 1
10576 1
10577 1
10578 1
10579 1
10580 1
10581 1
10582 1
10583 1
10584 2
10585 1
10586 1
10587 1
10588 1
10589 3
10590 1
10591 1
10592 1
10593 1
10594 3
10595 1
10596 1
10597 1
10598 3
10599 4
10600 1
10601 4
10602 3
10603 3
10604 1
10605 1
10606 4
10607 1
10608 1
10609 0
10610 1
10611 1
10612 1
10613 2
10614 1
10615 4
10616 0
10617 1
10618 1
10619 1
10620 1
10621 1
10622 1
10623 3
10624 0
10625 1
10626 1
10627 1
10628 3
10629 1
10630 3
10631 1
10632 1
10633 3
10634 3
10635 1
10636 1
10637 1
10638 1
10639 1
10640 3
10641 3
10642 1
10643 3
10644 3
10645 3
10646 3
10647 1
10648 3
10649 1
10650 0
10651 3
10652 2
10653 1
10654 1
10655 3
10656 3
10657 0
10658 3
10659 3
10660 1
10661 3
10662 1
10663 3
10664 3
10665 3
10666 3
10667 1
10668 1
10669 3
phi=7.89315838800375